3 3 3 3 -1 2 -1 -3 1 2 1 1 -3 2 -1 2 2 -3 1 -3 -2 -2 1 3 2 3 -1 -2 
3 2 1 1 2 -1 1 -2 3 2 1 -3 -1 -3 2 1 -3 -2 -3 1 -3 3 1 -1 -3 
3 2 2 -1 -2 3 -1 -2 1 1 2 -3 2 3 1 3 -3 3 -1 -1 -2 -1 1 2 2 -3 3 3 
3 -3 -1 3 -1 -2 -2 -1 1 2 -3 1 -1 3 -3 3 2 -2 -2 -3 -3 2 1 1 -3 -2 -2 1 
3 1 1 1 2 -2 3 -3 -3 3 1 -3 -1 2 3 -1 3 -3 -2 3 -3 -2 2 3 2 
3 -1 1 3 1 -2 -2 2 -3 -1 -3 -2 -2 -2 1 -3 -2 1 -2 2 2 3 2 -3 1 -3 -3 2 -2 1 -3 -2 2 -1  
4 1 -3 3 -3 -2 -2 -2 2 -3 4 -3 3 4 2 4 1 3 -1 -3 1 -1 2 -2 4 4 -2 -1 -1 4 4 
4 -3 1 -2 4 4 3 -4 2 2 2 1 1 -3 -3 -3 1 -4 3 -2 -2 4 1 -2 -1 2 -4 -4 1 3 1 -4 -4 3 -3 -1 2 
4 -1 -1 2 1 3 3 -3 -2 -2 -2 2 3 4 -3 3 -4 2 4 -1 3 -1 -3 1 1 2 -2 4 -4 4 3 4 -2 -1 -1 -4 4 
4 -3 1 3 -4 2 2 2 1 1 -3 -3 -3 1 -4 3 -2 -2 4 1 -2 -1 2 -4 -4 1 3 1 -4 -4 3 -3 -1 2 
5 4 -5 -4 3 -5 -5 2 4 1 3 4 3 3 4 -1 4 -2 2 3 -4 -4 2 3 -1 -2 5 5 -3 1 -1 5 5 -1 2 2 1 3 -2 2 
5 3 3 5 -2 -5 5 -2 1 1 -2 3 1 -2 1 4 -1 3 -1 5 5 1 -3 -1 1 -2 4 -4 -4 5 -2 2 3 2 -4 -4 -4 5 -3 -3 5 -5 2 4 -3 4
5 5 2 -2 2 -5 2 5 3 1 -4 -4 -4 -4 -2 -2 4 1 1 3 -1 2 -3 -5 -1 5 -4 1 1 5 4 -3 -5 -2 -1 -5 -3 -4 3 3 -3 -3 5 4 -2 -1 
5 -4 -2 -1 -2 2 -4 -3 -1 3 5 3 3 -5 -5 -4 -1 5 1 -5 5 5 -4 -4 -2 -4 5 4 -4 1 -3 -1 3 1 -2 -2 -2 -3 5 -2 2 1 -3 3 -4 1  
10 -1 10 1 -4 -8 -10 10 -4 -6 2 1 -10 5 4 -4 5 8 1 -9 -6 -9 10 -2 -5 9 -10 -7 -5 7 5 -2 3 -8 8 6 9 2 -9 7 -2 5 -6 -3 7 4 1 -7 9 8 8 6 -6 4 3 -2 -3 -1 -7 -3 -3 
10 -9 -6 2 -5 1 1 -2 9 -2 10 -6 -9 -2 1 5 -6 7 -6 7 5 10 7 9 10 2 -1 5 8 5 -8 4 3 -4 6 -3 -3 7 6 -10 3 -3 -1 9 -4 10 4 4 -7 -1 5 8 8 -2 8 10 8 -4 -9 -7 -3 
11 -5 -3 -8 -3 7 5 4 -10 2 -1 7 -3 -10 11 -8 -1 -7 2 -7 -4 -2 -4 8 1 11 8 6 -10 -10 1 -6 -9 -3 4 -5 -11 11 -4 -2 3 -6 9 -5 1 -9 -6 9 2 
11 -4 -6 -4 -5 9 11 9 10 -5 -3 7 -1 3 2 4 11 -2 1 -11 4 6 2 -3 -6 2 -1 -7 -10 8 -9 -3 -5 -4 -10 -10 -2 5 -1 7 -9 7 -8 6 3 8 11 -8 1 
12 8 -9 -6 6 -7 -2 -4 1 -4 -3 6 -11 -5 2 7 10 -1 -11 10 11 -12 -9 -2 -3 4 5 6 -1 -4 7 -3 1 -7 5 -5 12 11 -4 1 9 -3 12 5 -6 8 9 -12 3 -2 2 -8 8 10 10 
12 -1 -8 -3 12 6 -2 -6 -2 -5 -5 12 7 -4 -4 5 4 9 11 -11 1 -3 -10 -11 8 10 -8 -10 -1 4 5 7 3 10 -1 -5 3 6 6 12 -2 6 -11 -9 7 -12 -2 1 -3 9 9 -2 4 -8 -7 
13 6 3 -7 3 -4 -8 -8 -5 -13 -12 -6 4 -13 -7 5 -2 3 10 9 -7 2 -5 9 -12 -8 -11 1 5 -4 1 -11 2 -2 -10 -9 4 -12 -8 -3 13 9 -11 -10 6 -11 3 6 7 1 2 10 4 13 -1 -1 -5 12 
13 -9 -1 12 2 -7 7 -8 -11 -10 -6 -3 -13 10 -1 -4 -2 8 -8 -9 5 -10 -13 -5 2 -6 -3 -11 -1 2 7 1 -5 -13 4 6 -3 1 6 -11 -12 3 4 4 -12 5 -9 -10 4 -2 8 12 -11 -9 3 13 -5 7 
14 9 12 -13 2 10 14 9 4 -4 -12 13 1 -3 -4 -12 -11 -5 -8 4 -6 13 -1 2 -6 10 -2 5 -5 -9 -4 -3 -5 -14 1 7 14 -14 -9 -10 -13 -5 7 11 11 8 -7 1 11 6 -6 8 -8 2 -7 -3 10 -7 -3 2 -1 -3 6 -12 
14 12 -3 -2 -13 6 14 -2 -7 12 11 -13 10 13 -11 -3 -12 -9 10 -4 4 -6 -10 12 13 9 -1 2 -3 3 9 -8 14 5 -1 -8 4 14 5 4 7 8 8 -2 6 -6 -2 3 -1 11 1 5 -10 -7 -7 9 -11 5 6 5 7 4 14 1 
15 7 1 -3 -5 5 -15 9 -15 4 4 -5 2 11 -1 3 -1 12 2 12 1 -10 7 14 10 -8 -8 14 -1 -6 15 4 8 -3 -12 -15 11 11 -10 -6 9 5 13 -9 -14 -5 3 7 6 -2 3 -11 -10 -4 9 13 2 -2 -6 -4 -13 7 -8 -14 12 13 6 
15 -10 -6 2 4 1 -2 13 -14 -1 14 11 -11 12 12 -6 -10 3 -15 10 -2 -15 -9 9 8 -5 7 -4 -7 -3 13 9 13 -7 14 2 -10 -15 11 -12 -3 -1 -5 4 13 9 12 2 -1 -1 6 6 5 -5 -8 8 -7 -5 -3 14 6 -8 -11 -3 -4 -15 -4 
16 8 1 -15 -6 -7 -1 -6 5 6 -1 8 6 2 2 -10 4 16 -4 -7 -15 -12 3 4 12 -14 -7 5 11 11 -8 3 3 15 8 -9 14 -10 16 -1 -8 2 5 4 13 -1 13 -5 -9 13 -10 3 6 -16 -7 9 3 -16 -11 12 11 -15 -12 13 2 -7 -14 -2 4 5 -14 -10 -9 
16 -7 -10 8 11 8 -10 -4 -7 -15 -12 -5 12 10 -2 3 -1 16 4 -4 -15 10 -14 -3 -1 -14 -9 9 3 -5 -13 6 1 -4 -8 8 -7 16 -11 13 -6 -4 5 -9 1 -6 -5 -2 -3 15 -7 -2 -6 -13 -13 12 -9 -8 -16 11 2 14 5 6 -2 3 -11 12 16 7 -14 -15 -1 
17 8 16 1 1 5 17 -10 -9 4 4 -6 17 9 9 11 17 -14 3 10 -15 3 12 -5 -14 9 -13 -5 -7 -3 10 -2 -13 -11 -7 7 -4 1 3 2 17 15 1 2 -14 -8 -16 -14 -5 16 -15 6 -11 -1 10 15 -5 -6 -7 -13 -12 -3 8 -2 2 -4 12 -16 13 -6 7 6 -11 -8 12 4 
17 7 -13 -7 -6 -2 13 -3 -6 3 14 -16 7 -4 -2 3 -1 -4 -10 -8 11 -6 -8 15 15 -14 5 -17 11 1 -15 -17 -5 3 8 13 9 10 11 7 -12 5 17 7 -14 -12 -12 -16 -4 11 2 -17 -3 -12 -6 -9 2 -5 -14 4 15 13 16 -1 5 10 10 2 1 -9 16 6 -1 9 4 8 
18 3 6 11 -7 -8 -16 13 -1 2 -1 15 10 -13 -9 7 15 7 3 18 14 -10 8 1 -18 9 -6 17 11 2 10 5 16 -10 2 -5 -3 7 -4 4 -16 -16 8 -9 -14 2 -2 5 -9 -12 -17 4 -3 -1 -15 8 -8 -1 12 -15 -4 -7 6 12 -5 -13 -11 4 -14 12 -13 17 11 6 5 -18 9 17 18 -14 -6 3 
18 -8 -6 15 17 -6 13 6 -15 -11 7 -17 -5 4 -9 -12 -10 4 13 18 15 9 12 8 12 4 -7 -16 -6 14 8 -17 -9 1 -18 14 -2 -9 4 18 1 -7 -14 -10 5 11 -16 -1 3 3 13 5 -18 11 -2 11 16 9 8 -16 -8 12 -1 -15 -2 -13 5 6 -14 2 3 -4 17 3 -1 3 -2 7 -7 10 10 -5 
19 -9 6 -3 18 -13 -8 -7 4 6 5 15 -11 1 13 -16 14 -12 -2 10 18 15 19 14 3 -16 9 -16 4 -6 18 -16 -8 -2 13 -10 5 -12 7 9 -2 14 1 -5 3 -11 11 8 -17 -10 -6 5 11 -19 -17 -13 -2 -7 -14 2 -1 3 17 -1 -4 -7 -5 -10 -15 19 3 1 9 7 15 -18 -4 4 8 17 12 -8 -19 6 -12 
19 13 -15 -3 5 -18 -8 5 -15 -14 -19 3 -11 -6 9 -2 1 -4 17 19 -1 4 -17 -4 -16 7 4 -2 11 -16 6 19 8 -6 -17 -18 -11 -8 5 14 -10 1 9 5 15 -2 -6 17 18 7 -11 -16 1 -6 -2 14 14 12 5 4 3 9 -9 -1 -18 -15 10 13 7 16 -8 12 -19 -13 10 2 -3 12 -3 13 -8 7 -7 -10 12 
20 -9 -5 15 -2 -9 -16 -17 12 -9 -2 6 9 -16 4 3 14 10 -4 8 8 -8 -15 18 19 4 13 17 5 -11 -11 14 -20 1 -7 -18 -20 9 -1 7 5 -13 -10 1 3 -8 2 6 7 20 19 -13 -1 -12 10 4 16 3 -8 15 -20 -3 -14 -7 -2 -11 -12 -6 18 -12 -13 5 6 15 -7 3 -19 -2 11 -10 19 -17 17 5 1 -18 14 -6 -16 10 -4 
20 -3 -10 18 18 6 -5 9 -10 -15 -8 -4 16 -9 15 -6 -16 13 9 10 -17 14 2 11 -20 -8 15 -14 7 -4 -19 -5 3 -12 -7 20 5 -1 -3 5 2 10 -3 -7 -2 11 7 12 17 11 10 15 -16 -9 4 4 -20 -13 17 -6 -5 -18 -1 -1 -1 -19 -19 11 -16 4 12 -12 -20 14 17 9 13 1 2 8 6 -13 3 14 -7 8 -8 19 -6 -2 18 
21 6 16 -11 4 -12 13 2 -3 -9 4 14 -11 -1 -15 12 -13 20 -5 6 1 -9 5 -20 -6 -10 10 6 -2 19 -2 -7 18 16 -8 14 20 4 -8 3 -7 4 -13 -7 15 17 -21 2 -18 -17 -21 -12 11 -14 9 -17 20 6 -18 -9 8 1 -3 -7 -3 5 15 -14 16 -12 -5 3 -19 -17 8 2 -10 4 15 -16 -19 21 -11 -21 1 -1 -8 5 9 18 10 -7 -19 13 
21 -4 16 14 -9 10 -7 -17 11 -11 6 3 9 15 2 -3 -17 1 -6 -6 -13 10 -18 -5 15 -13 5 -10 14 -16 21 7 5 -20 -12 16 14 6 20 15 -13 -18 9 -5 -20 4 -19 2 -17 8 1 14 -12 -7 12 18 11 8 2 18 13 -4 -4 19 1 -3 -15 16 -9 8 -8 1 -3 17 -21 7 -2 20 -11 -2 -21 -19 -21 1 9 -10 -7 8 19 -3 5 -6 4 -12 
22 -18 -1 16 9 3 1 13 19 11 -12 -15 -8 -9 5 2 12 -22 -4 16 17 7 21 16 19 -21 3 1 -10 15 3 -22 -7 -20 6 10 -20 11 19 22 -12 6 1 6 17 2 3 4 -6 8 -11 2 -8 1 -13 22 9 2 3 -7 4 -13 -21 17 -4 -19 -14 -5 18 -5 -10 7 -14 8 -15 -20 10 -5 -9 -2 -18 7 -13 5 21 -20 -17 9 12 6 -14 -10 11 -11 8 14 18 -15 4 -16 
22 8 1 22 -6 19 -8 10 -2 -13 -10 -9 -13 -7 -11 -17 7 19 3 -12 9 3 20 -2 -21 1 14 -1 -9 19 15 20 11 -3 -16 2 -10 -1 -22 12 4 -12 -4 11 15 5 7 13 -3 8 2 17 -10 -18 6 -8 14 16 11 20 13 4 -14 -2 -22 -12 -18 -7 16 1 19 -3 -21 8 -18 5 -6 5 4 -21 -5 -5 20 22 9 7 9 18 -6 -14 17 4 16 -21 -10 6 15 -15 -11 -17 
23 -5 8 6 -3 -2 10 -1 9 -10 -4 -14 1 12 -5 -11 12 -22 21 3 -19 -5 13 22 16 13 16 -19 -2 19 18 -20 -15 -9 8 -4 -10 7 -5 -4 6 13 7 4 -7 4 -17 -6 -1 11 -5 -16 -22 -7 21 -18 17 15 -8 10 -6 -8 -18 -20 -11 15 12 19 -8 -18 14 -9 -14 17 16 23 -7 1 22 -23 -15 23 -23 -1 20 9 14 3 6 12 9 2 -2 -10 3 21 21 -20 -2 17 13 11 -3 
23 8 -4 -18 -22 7 -18 17 8 5 23 -3 23 -4 6 11 3 14 4 11 -12 12 -7 -15 -17 10 21 -19 -2 -4 -21 -22 -1 -9 23 5 -13 -14 16 -12 10 -3 -2 9 11 9 -22 -16 -10 -20 -1 4 1 -16 -8 15 8 -20 -17 -22 13 -6 5 -9 21 -20 15 7 8 -19 3 -12 6 -14 -7 -13 -18 -17 15 -13 -2 -2 5 1 6 -2 -16 19 -18 21 9 5 1 -3 -7 10 -10 14 -20 -19 -6 -23 -11 
24 20 6 19 18 -20 -20 22 -12 12 21 -8 -21 -7 -24 5 9 2 7 13 -2 10 1 -17 13 6 -21 -6 -10 2 7 -12 14 -12 -11 14 -21 5 -22 13 -3 16 -23 20 15 23 13 -18 11 -24 -1 -24 8 3 -14 8 -16 -6 -8 19 -17 -10 4 1 -18 24 -22 19 -17 4 -15 -23 7 16 -1 -16 5 10 -3 23 11 -19 -14 4 15 9 -11 -22 -10 2 -15 -9 -3 -3 -5 4 -11 9 -2 4 7 18 -17 -5 -1 -6 -9 -8 -12 
24 -18 19 -2 -13 -15 -4 -23 19 -2 5 -2 -22 -14 10 -14 -8 6 -1 8 -8 -3 -9 11 -4 23 11 -24 4 -9 6 7 -12 6 18 10 22 15 21 -4 -24 19 -9 -1 -11 -7 6 -3 -23 12 -19 13 -18 -24 -1 3 5 -16 5 -17 -3 14 20 -15 -12 -13 17 5 8 20 8 -7 -9 2 -10 -15 -12 11 -10 -12 23 6 -17 9 -22 20 16 3 -21 -1 -21 14 -21 7 11 18 -4 22 7 20 -24 1 -13 10 -2 -5 -17 16 -16 
25 -23 6 2 -9 -13 10 -6 25 -7 -12 -11 -22 -4 -16 -12 -14 24 16 3 1 -19 -5 5 8 18 13 -21 5 -2 7 -1 -3 -18 -19 -8 -7 9 15 -22 -22 21 14 -11 -14 -2 -22 10 -23 -14 -2 -5 20 -20 13 16 -8 -1 15 -7 12 6 7 9 -21 17 10 -8 1 3 9 25 -10 -6 -24 -18 -10 13 25 -12 -4 16 17 15 8 23 5 1 19 20 -11 15 -6 -18 17 3 24 -17 2 24 -11 9 25 4 -3 4 -19 11 -4 20 21 23 
25 24 -20 10 23 5 -22 2 -6 -11 14 -21 -4 -6 25 10 20 13 22 1 3 8 6 -7 7 -18 -12 2 1 16 2 1 -17 -17 -7 -15 -8 -25 -6 23 -20 -8 16 8 -3 -4 5 3 -13 4 -24 10 7 16 23 -14 -21 -2 -10 1 -3 -18 -11 10 -23 -5 -21 18 -19 -25 -9 -4 11 21 -22 -15 17 9 -18 -9 -15 -17 -22 13 19 -14 -7 3 1 -13 8 2 -16 -9 -9 -15 -25 -11 -5 -24 -5 20 -4 19 11 24 -12 -12 14 -6 -12 19 
26 8 -10 -10 -12 26 14 -22 -8 -9 -20 -21 -4 1 21 -23 6 6 19 -3 1 -5 2 13 -12 9 -13 -19 19 6 -4 -10 3 18 3 -4 17 4 -8 -13 2 -7 -6 2 -1 24 17 -14 24 17 -19 -7 -12 20 13 22 25 -16 18 5 15 15 9 -25 7 15 20 5 -17 21 -26 12 -9 -11 1 -2 23 -23 -11 -25 3 12 18 24 4 -16 -24 -8 -15 3 -26 -5 -11 14 -9 -16 -14 21 16 -5 -26 2 22 10 11 -25 11 -7 10 -13 -18 -20 7 -22 6 -8 1 23 
26 9 -21 21 20 1 12 11 22 -22 -23 -20 23 12 -6 -7 5 -19 9 10 18 -15 17 3 -1 15 4 8 13 18 -10 14 17 -12 25 22 -20 -2 -25 4 9 -8 -24 -3 18 17 6 -10 -26 -7 -9 -7 4 21 19 -19 22 1 -1 -21 -20 -14 -5 16 14 8 15 -24 -7 8 -13 25 -2 3 10 26 -5 -7 -17 11 -9 13 -4 5 -16 13 3 6 -14 26 -16 25 11 -11 6 -1 15 -2 12 19 -23 4 -2 -11 -24 -8 5 -12 23 6 -3 18 -24 -16 -2 -13 26 -10 
27 -21 13 -21 -4 -1 4 21 5 -2 -26 10 14 -8 -20 -22 -19 -10 20 -8 -9 24 7 26 -27 6 -24 25 24 20 22 5 19 -27 15 23 21 -20 17 -9 15 11 25 1 -17 7 6 11 -23 -24 7 -6 -14 -10 2 17 -19 11 9 16 8 3 22 27 13 -14 26 -7 -12 23 -13 -18 27 -3 9 11 2 1 -18 12 -23 -8 10 15 -14 -19 -22 1 -11 -4 -13 -15 -3 -8 12 25 -26 18 12 18 2 25 -9 4 -16 6 3 -1 -5 5 4 16 -5 17 6 7 3 -2 -12 10 -16 
27 3 12 -27 -13 -20 -14 -16 10 -19 -14 -18 -21 -9 20 12 -8 5 -10 -24 -23 -16 6 -6 -12 -20 9 9 1 -2 27 -21 4 -7 -22 -17 21 -6 -4 16 1 -7 1 24 -11 18 -27 24 5 22 16 -2 25 7 15 17 -18 18 2 9 -26 4 23 -15 10 17 -1 -21 11 -20 -3 22 5 10 25 -19 -6 -13 15 -11 -25 -8 8 25 19 10 3 23 2 -24 -17 -15 2 26 9 -13 23 -7 14 27 7 -5 12 -8 -12 5 -11 19 -13 -6 -4 -26 -26 22 11 -8 -3 14 4 -1 -3 
0
28 28 -23 2 -28 25 -15 -26 -16 -20 -2 17 -24 -13 -12 2 -8 17 10 -16 -18 -1 -14 16 -7 -22 -7 -25 -21 10 -13 -6 -7 3 14 3 11 21 6 -11 -18 -5 24 8 -11 12 -6 -1 -26 15 23 12 -4 -27 -11 -6 27 -23 14 10 -4 19 16 1 23 -28 21 -20 9 13 8 12 2 20 5 14 -4 27 -5 -20 8 9 2 26 -27 15 12 10 -9 -24 21 14 -3 24 25 17 -4 -19 -15 -18 6 7 -22 -26 3 13 9 -1 -9 -25 -4 -22 28 19 -19 -18 22 -10 13 -5 17 11 -8 7 5 -3 1 
28 -19 -12 -25 3 -2 7 27 -26 8 -27 -24 15 -11 7 16 -17 -7 9 27 -21 -1 -9 18 24 -2 28 -9 -12 3 21 11 -24 -16 -11 -28 20 -10 20 15 15 -5 17 -8 -6 11 21 -4 -5 5 19 -6 -16 23 -17 -12 -28 -8 -3 -8 -8 24 -2 -1 26 -4 20 21 -2 -17 1 -14 13 -13 -6 5 2 18 6 -3 -9 19 10 12 -1 -22 9 -13 27 20 -25 25 22 23 -4 -6 -14 -14 14 23 19 18 26 -15 -10 12 18 3 4 1 -10 -22 10 -14 16 7 -11 28 26 13 -23 -5 4 22 -25 7 13 
29 2 -22 -23 -13 19 -17 -20 -14 15 -15 -29 13 -1 -25 21 17 1 1 -13 -21 8 27 -4 22 24 12 -28 2 -10 5 -1 16 9 -6 -6 19 18 23 24 3 5 4 20 10 7 -9 24 26 -18 -10 -9 11 -19 -22 -5 28 18 -17 16 12 28 7 25 3 -22 -9 -3 -4 14 4 -3 -28 -13 14 -8 -27 -25 -21 2 -23 12 -7 27 -10 -19 1 20 7 -21 -6 -29 -18 -14 5 -13 -27 8 20 6 -11 29 2 -16 26 15 -11 4 -5 15 -25 -7 12 -29 6 11 -9 -3 8 -26 -12 -16 -8 26 10 23 -24 -2 -11 -17 
29 11 -14 8 -27 10 -16 22 -29 -20 15 28 15 5 9 -17 -12 -18 1 10 20 -17 -10 -2 -18 13 -11 29 24 12 7 -14 -6 26 -28 -17 3 19 -1 28 21 9 5 -3 -11 5 -20 -3 -13 -8 27 26 -4 11 -27 -18 6 16 -24 -22 -19 8 -29 -12 -5 25 -16 -22 5 24 17 -22 -1 -19 -7 1 14 -23 -26 27 9 -7 -4 -7 20 -2 -25 29 23 9 24 -12 -18 -2 6 -2 -12 3 -25 -6 4 2 9 7 1 -13 15 -15 -23 16 25 -6 11 -4 -8 -23 -10 19 14 -8 13 28 21 3 26 4 -21 -13 -21 10 
30 -18 29 -20 -15 -26 -14 -13 13 14 -30 18 -4 -25 -13 28 -1 11 2 -16 -12 19 2 7 -4 -8 -16 -24 -10 -9 15 -23 -9 29 7 -28 28 -21 14 22 -4 -27 -23 9 20 -24 -24 8 -30 -22 11 -19 6 3 4 6 27 8 7 23 14 -17 21 9 -2 -3 21 5 -1 -15 9 25 20 7 -27 5 -28 2 -26 6 2 -18 -27 -5 5 -10 29 -21 12 -3 -8 -20 -3 -22 -6 22 -1 19 -29 -16 24 -19 -6 -15 -26 -12 -1 -13 -4 -11 17 -26 25 -8 10 -23 -10 -12 -1 11 -30 17 15 12 30 -7 10 -5 11 14 -17 -16 -25 13 3 18 
30 -13 -7 2 7 -17 -30 -1 -30 -25 8 30 -12 -29 23 -6 -24 15 -29 2 10 13 -1 2 -5 -16 26 -2 -25 13 10 -23 21 -8 -28 -11 -5 -5 9 -26 18 25 17 -29 3 14 10 9 5 -15 3 21 -9 15 -20 28 -23 15 19 11 -13 30 -9 -6 15 7 -18 -22 10 1 29 26 6 -21 -8 -28 22 -1 -12 3 4 4 13 12 -27 10 -11 3 -14 20 -27 1 14 8 2 -8 -16 7 3 -26 -11 -12 -12 -9 6 22 -24 22 4 19 19 -25 16 -24 -20 16 18 17 6 -11 5 14 21 -28 23 -14 7 -4 -24 4 17 18 -19 -27 -27 20 
0
