5
1 1 1 0 0 
1 1 0 1 0 
1 0 1 1 1 
0 1 1 1 0 
0 0 1 0 1 
5
1 1 1 1 0 
1 1 0 1 0 
1 0 1 0 1 
1 1 0 1 0 
0 0 1 0 1 
5
1 0 0 0 1 
0 1 1 0 0 
0 1 1 1 1 
0 0 1 1 0 
1 0 1 0 1 
5
1 0 1 1 1 
0 1 1 1 1 
1 1 1 1 1 
1 1 1 1 0 
1 1 1 0 1 
5
1 1 1 1 1 
1 1 1 1 1 
1 1 1 1 1 
1 1 1 1 1 
1 1 1 1 1 
10
1 0 1 1 1 1 0 0 1 0 
0 1 1 0 0 0 0 1 0 0 
1 1 1 1 0 0 0 0 0 0 
1 0 1 1 0 0 0 0 1 1 
1 0 0 0 1 0 0 1 1 0 
1 0 0 0 0 1 0 0 0 0 
0 0 0 0 0 0 1 0 1 0 
0 1 0 0 1 0 0 1 0 0 
1 0 0 1 1 0 1 0 1 1 
0 0 0 1 0 0 0 0 1 1 
10
1 1 0 0 0 0 0 0 1 0 
1 1 0 1 0 0 1 0 0 0 
0 0 1 1 1 0 0 0 0 0 
0 1 1 1 1 0 1 1 0 0 
0 0 1 1 1 1 0 0 1 1 
0 0 0 0 1 1 1 0 0 1 
0 1 0 1 0 1 1 0 0 0 
0 0 0 1 0 0 0 1 1 0 
1 0 0 0 1 0 0 1 1 0 
0 0 0 0 1 1 0 0 0 1 
10
1 1 1 1 1 0 0 0 1 0 
1 1 1 0 1 0 0 1 0 0 
1 1 1 1 1 0 0 1 0 1 
1 0 1 1 1 1 0 0 1 1 
1 1 1 1 1 0 1 1 1 0 
0 0 0 1 0 1 1 1 0 0 
0 0 0 0 1 1 1 1 0 0 
0 1 1 0 1 1 1 1 1 0 
1 0 0 1 1 0 0 1 1 1 
0 0 1 1 0 0 0 0 1 1 
10
1 1 0 1 1 1 1 0 1 1 
1 1 0 0 0 1 0 0 0 1 
0 0 1 1 1 1 1 1 0 1 
1 0 1 1 1 0 1 1 1 0 
1 0 1 1 1 1 0 1 1 1 
1 1 1 0 1 1 1 1 0 1 
1 0 1 1 0 1 1 1 1 1 
0 0 1 1 1 1 1 1 1 0 
1 0 0 1 1 0 1 1 1 0 
1 1 1 0 1 1 1 0 0 1 
10
1 0 1 1 1 1 1 1 0 1 
0 1 1 1 0 0 1 1 1 1 
1 1 1 0 1 1 0 1 1 1 
1 1 0 1 0 1 0 1 0 0 
1 0 1 0 1 1 0 0 1 0 
1 0 1 1 1 1 1 1 1 1 
1 1 0 0 0 1 1 1 1 1 
1 1 1 1 0 1 1 1 1 0 
0 1 1 0 1 1 1 1 1 0 
1 1 1 0 0 1 1 0 0 1 
15
1 0 0 0 0 0 1 1 0 0 0 1 0 0 1 
0 1 1 1 1 0 0 0 1 0 0 0 1 0 1 
0 1 1 0 1 0 0 0 0 0 1 0 0 1 0 
0 1 0 1 0 0 0 0 1 0 0 0 1 1 1 
0 1 1 0 1 0 0 0 1 1 0 1 0 0 0 
0 0 0 0 0 1 0 0 0 0 0 1 1 0 0 
1 0 0 0 0 0 1 0 0 1 0 0 0 0 0 
1 0 0 0 0 0 0 1 0 0 0 0 0 0 0 
0 1 0 1 1 0 0 0 1 0 0 0 0 1 1 
0 0 0 0 1 0 1 0 0 1 0 0 0 0 1 
0 0 1 0 0 0 0 0 0 0 1 0 0 1 1 
1 0 0 0 1 1 0 0 0 0 0 1 0 0 1 
0 1 0 1 0 1 0 0 0 0 0 0 1 1 0 
0 0 1 1 0 0 0 0 1 0 1 0 1 1 0 
1 1 0 1 0 0 0 0 1 1 1 1 0 0 1 
15
1 0 0 1 0 1 1 0 0 1 1 0 1 1 1 
0 1 1 1 0 0 0 0 0 0 1 1 1 0 1 
0 1 1 0 0 0 1 1 0 0 0 0 1 0 1 
1 1 0 1 1 0 0 0 0 0 1 0 1 0 1 
0 0 0 1 1 1 1 1 1 0 0 0 0 1 0 
1 0 0 0 1 1 0 0 1 1 0 1 0 1 0 
1 0 1 0 1 0 1 0 0 0 0 1 0 0 0 
0 0 1 0 1 0 0 1 0 1 1 0 0 0 1 
0 0 0 0 1 1 0 0 1 0 0 0 0 0 0 
1 0 0 0 0 1 0 1 0 1 0 1 0 0 0 
1 1 0 1 0 0 0 1 0 0 1 0 1 1 0 
0 1 0 0 0 1 1 0 0 1 0 1 1 0 1 
1 1 1 1 0 0 0 0 0 0 1 1 1 1 1 
1 0 0 0 1 1 0 0 0 0 1 0 1 1 1 
1 1 1 1 0 0 0 1 0 0 0 1 1 1 1 
15
1 1 1 0 1 0 1 1 1 1 1 1 1 1 1 
1 1 0 0 0 0 1 0 0 0 1 1 1 0 1 
1 0 1 1 0 1 1 1 0 0 1 0 0 1 1 
0 0 1 1 1 0 0 1 0 0 1 0 0 1 1 
1 0 0 1 1 1 1 1 0 1 0 1 0 1 0 
0 0 1 0 1 1 1 0 1 1 0 1 1 1 1 
1 1 1 0 1 1 1 0 1 0 0 1 1 1 1 
1 0 1 1 1 0 0 1 0 0 0 0 0 1 1 
1 0 0 0 0 1 1 0 1 0 0 1 0 0 1 
1 0 0 0 1 1 0 0 0 1 0 1 0 0 1 
1 1 1 1 0 0 0 0 0 0 1 1 1 0 0 
1 1 0 0 1 1 1 0 1 1 1 1 0 1 0 
1 1 0 0 0 1 1 0 0 0 1 0 1 1 1 
1 0 1 1 1 1 1 1 0 0 0 1 1 1 0 
1 1 1 1 0 1 1 1 1 1 0 0 1 0 1 
15
1 0 1 0 0 1 0 1 1 0 1 0 1 1 0 
0 1 0 0 1 1 1 1 0 1 1 1 1 0 1 
1 0 1 0 0 1 0 1 1 0 1 1 1 0 1 
0 0 0 1 0 1 1 1 1 1 0 1 1 0 0 
0 1 0 0 1 0 1 0 0 1 0 1 1 1 1 
1 1 1 1 0 1 1 1 0 1 0 1 1 0 0 
0 1 0 1 1 1 1 1 0 0 0 1 1 0 1 
1 1 1 1 0 1 1 1 1 1 1 1 0 1 0 
1 0 1 1 0 0 0 1 1 0 0 1 1 1 1 
0 1 0 1 1 1 0 1 0 1 0 1 1 0 0 
1 1 1 0 0 0 0 1 0 0 1 0 1 1 0 
0 1 1 1 1 1 1 1 1 1 0 1 0 0 1 
1 1 1 1 1 1 1 0 1 1 1 0 1 1 0 
1 0 0 0 1 0 0 1 1 0 1 0 1 1 1 
0 1 1 0 1 0 1 0 1 0 0 1 0 1 1 
15
1 0 1 0 1 0 1 1 1 0 1 0 0 0 1 
0 1 1 0 1 1 1 0 0 0 1 1 1 1 1 
1 1 1 0 0 1 1 1 1 0 1 0 0 0 1 
0 0 0 1 0 1 0 1 1 1 1 1 1 1 1 
1 1 0 0 1 1 0 1 1 1 1 1 1 0 1 
0 1 1 1 1 1 1 0 1 0 1 1 1 1 1 
1 1 1 0 0 1 1 0 1 1 1 1 1 1 0 
1 0 1 1 1 0 0 1 1 1 0 0 1 1 1 
1 0 1 1 1 1 1 1 1 1 1 1 0 0 1 
0 0 0 1 1 0 1 1 1 1 1 1 1 0 1 
1 1 1 1 1 1 1 0 1 1 1 1 1 1 1 
0 1 0 1 1 1 1 0 1 1 1 1 0 1 0 
0 1 0 1 1 1 1 1 0 1 1 0 1 1 1 
0 1 0 1 0 1 1 1 0 0 1 1 1 1 1 
1 1 1 1 1 1 0 1 1 1 1 0 1 1 1 
20
1 1 0 0 0 0 0 0 0 0 1 1 1 0 0 0 0 0 1 0 
1 1 0 1 0 1 0 1 1 0 0 0 0 0 0 0 1 1 0 1 
0 0 1 0 1 0 0 0 1 1 0 0 0 0 0 0 1 1 0 0 
0 1 0 1 0 1 1 0 1 0 0 1 0 0 0 0 0 0 0 0 
0 0 1 0 1 0 1 0 0 0 0 1 0 1 1 1 0 1 0 0 
0 1 0 1 0 1 0 1 0 0 0 1 0 0 0 0 0 0 0 0 
0 0 0 1 1 0 1 0 0 0 1 0 0 0 0 0 0 1 1 0 
0 1 0 0 0 1 0 1 0 1 0 0 1 0 0 1 0 0 0 0 
0 1 1 1 0 0 0 0 1 0 1 0 0 0 0 1 0 0 0 0 
0 0 1 0 0 0 0 1 0 1 0 0 1 0 0 0 1 1 1 0 
1 0 0 0 0 0 1 0 1 0 1 0 1 0 0 1 0 0 1 0 
1 0 0 1 1 1 0 0 0 0 0 1 0 1 0 0 0 0 0 0 
1 0 0 0 0 0 0 1 0 1 1 0 1 1 0 1 1 1 0 0 
0 0 0 0 1 0 0 0 0 0 0 1 1 1 0 0 0 0 1 0 
0 0 0 0 1 0 0 0 0 0 0 0 0 0 1 1 0 0 1 0 
0 0 0 0 1 0 0 1 1 0 1 0 1 0 1 1 0 1 0 0 
0 1 1 0 0 0 0 0 0 1 0 0 1 0 0 0 1 1 1 0 
0 1 1 0 1 0 1 0 0 1 0 0 1 0 0 1 1 1 1 0 
1 0 0 0 0 0 1 0 0 1 1 0 0 1 1 0 1 1 1 0 
0 1 0 0 0 0 0 0 0 0 0 0 0 0 0 0 0 0 0 1 
20
1 0 1 1 0 0 1 0 0 0 0 0 1 0 0 1 0 0 0 1 
0 1 1 0 0 0 1 1 1 1 1 1 1 1 0 1 1 1 1 0 
1 1 1 0 1 1 1 1 0 1 1 0 0 1 0 0 1 0 0 1 
1 0 0 1 1 1 0 0 1 1 0 0 0 1 0 0 1 1 1 1 
0 0 1 1 1 0 0 0 1 1 1 0 0 1 1 1 0 0 0 1 
0 0 1 1 0 1 1 0 0 0 0 0 0 0 1 1 0 0 0 1 
1 1 1 0 0 1 1 0 1 1 0 0 0 0 0 0 1 0 1 1 
0 1 1 0 0 0 0 1 1 1 0 1 1 0 1 0 1 1 0 0 
0 1 0 1 1 0 1 1 1 0 0 1 0 1 1 0 0 1 0 1 
0 1 1 1 1 0 1 1 0 1 0 0 0 0 0 0 1 1 0 1 
0 1 1 0 1 0 0 0 0 0 1 1 1 0 0 1 0 0 1 0 
0 1 0 0 0 0 0 1 1 0 1 1 1 1 0 0 0 0 0 0 
1 1 0 0 0 0 0 1 0 0 1 1 1 0 0 1 0 1 0 0 
0 1 1 1 1 0 0 0 1 0 0 1 0 1 1 0 1 0 0 0 
0 0 0 0 1 1 0 1 1 0 0 0 0 1 1 0 0 1 0 1 
1 1 0 0 1 1 0 0 0 0 1 0 1 0 0 1 0 0 1 1 
0 1 1 1 0 0 1 1 0 1 0 0 0 1 0 0 1 0 1 0 
0 1 0 1 0 0 0 1 1 1 0 0 1 0 1 0 0 1 0 0 
0 1 0 1 0 0 1 0 0 0 1 0 0 0 0 1 1 0 1 0 
1 0 1 1 1 1 1 0 1 1 0 0 0 0 1 1 0 0 0 1 
20
1 1 0 0 0 0 0 1 1 0 0 1 0 1 0 1 1 1 1 1 
1 1 1 0 1 0 1 1 1 1 0 1 1 1 0 1 0 1 1 1 
0 1 1 1 0 0 0 1 0 1 0 0 0 1 0 1 0 0 0 1 
0 0 1 1 1 1 1 0 0 1 0 1 1 1 0 0 1 1 1 1 
0 1 0 1 1 0 1 0 1 0 1 0 1 0 0 1 1 0 1 1 
0 0 0 1 0 1 1 0 1 0 0 0 0 1 0 0 1 0 0 0 
0 1 0 1 1 1 1 0 0 0 1 0 0 1 0 0 0 1 0 1 
1 1 1 0 0 0 0 1 0 1 1 0 0 1 0 1 1 1 1 0 
1 1 0 0 1 1 0 0 1 0 1 0 1 1 0 0 0 0 0 1 
0 1 1 1 0 0 0 1 0 1 1 0 1 1 1 1 0 0 0 1 
0 0 0 0 1 0 1 1 1 1 1 0 1 1 0 0 1 0 1 0 
1 1 0 1 0 0 0 0 0 0 0 1 1 0 1 1 1 1 1 1 
0 1 0 1 1 0 0 0 1 1 1 1 1 1 1 1 0 0 0 1 
1 1 1 1 0 1 1 1 1 1 1 0 1 1 1 1 0 1 1 0 
0 0 0 0 0 0 0 0 0 1 0 1 1 1 1 1 1 1 1 1 
1 1 1 0 1 0 0 1 0 1 0 1 1 1 1 1 0 0 1 1 
1 0 0 1 1 1 0 1 0 0 1 1 0 0 1 0 1 1 0 0 
1 1 0 1 0 0 1 1 0 0 0 1 0 1 1 0 1 1 1 0 
1 1 0 1 1 0 0 1 0 0 1 1 0 1 1 1 0 1 1 0 
1 1 1 1 1 0 1 0 1 1 0 1 1 0 1 1 0 0 0 1 
20
1 1 0 1 1 1 1 1 0 0 0 1 0 0 0 0 0 1 1 1 
1 1 1 1 1 1 1 1 1 1 0 0 1 1 1 1 1 1 1 1 
0 1 1 1 0 0 0 0 1 0 0 1 1 1 1 0 0 0 1 0 
1 1 1 1 1 0 0 0 1 0 0 1 1 1 1 0 1 1 0 0 
1 1 0 1 1 1 1 1 1 1 1 1 0 1 1 1 0 0 1 1 
1 1 0 0 1 1 1 1 0 1 0 1 0 0 1 1 1 0 1 1 
1 1 0 0 1 1 1 1 0 1 1 0 1 0 1 1 0 0 1 1 
1 1 0 0 1 1 1 1 0 1 0 0 1 1 0 0 0 1 1 1 
0 1 1 1 1 0 0 0 1 0 0 1 1 1 1 1 0 1 0 0 
0 1 0 0 1 1 1 1 0 1 0 0 0 1 1 0 1 0 1 0 
0 0 0 0 1 0 1 0 0 0 1 1 0 0 1 0 0 1 0 1 
1 0 1 1 1 1 0 0 1 0 1 1 1 1 0 1 1 0 1 1 
0 1 1 1 0 0 1 1 1 0 0 1 1 1 0 1 0 0 0 1 
0 1 1 1 1 0 0 1 1 1 0 1 1 1 1 1 1 0 0 0 
0 1 1 1 1 1 1 0 1 1 1 0 0 1 1 0 1 1 1 1 
0 1 0 0 1 1 1 0 1 0 0 1 1 1 0 1 1 0 1 0 
0 1 0 1 0 1 0 0 0 1 0 1 0 1 1 1 1 0 1 1 
1 1 0 1 0 0 0 1 1 0 1 0 0 0 1 0 0 1 1 1 
1 1 1 0 1 1 1 1 0 1 0 1 0 0 1 1 1 1 1 0 
1 1 0 0 1 1 1 1 0 0 1 1 1 0 1 0 1 1 0 1 
20
1 1 1 0 0 0 1 1 1 1 1 1 1 1 0 1 0 1 0 1 
1 1 1 0 1 1 1 1 1 0 1 1 0 0 1 0 1 1 1 0 
1 1 1 0 1 0 0 1 1 1 1 1 1 0 0 0 0 0 1 1 
0 0 0 1 1 1 1 1 0 1 0 1 1 0 1 1 1 1 1 1 
0 1 1 1 1 1 1 1 1 1 1 1 0 1 0 1 0 1 1 1 
0 1 0 1 1 1 1 1 0 1 1 1 1 0 0 1 0 1 1 0 
1 1 0 1 1 1 1 1 1 0 0 0 1 0 1 1 1 1 1 1 
1 1 1 1 1 1 1 1 1 1 1 1 0 1 1 1 1 1 1 1 
1 1 1 0 1 0 1 1 1 1 1 0 1 1 1 1 1 0 1 1 
1 0 1 1 1 1 0 1 1 1 0 1 1 1 1 1 0 0 1 1 
1 1 1 0 1 1 0 1 1 0 1 1 1 1 1 0 0 1 1 0 
1 1 1 1 1 1 0 1 0 1 1 1 1 0 1 1 1 1 0 0 
1 0 1 1 0 1 1 0 1 1 1 1 1 1 1 1 1 1 1 0 
1 0 0 0 1 0 0 1 1 1 1 0 1 1 0 1 0 1 1 0 
0 1 0 1 0 0 1 1 1 1 1 1 1 0 1 1 0 1 0 0 
1 0 0 1 1 1 1 1 1 1 0 1 1 1 1 1 1 1 1 0 
0 1 0 1 0 0 1 1 1 0 0 1 1 0 0 1 1 1 1 1 
1 1 0 1 1 1 1 1 0 0 1 1 1 1 1 1 1 1 1 0 
0 1 1 1 1 1 1 1 1 1 1 0 1 1 0 1 1 1 1 1 
1 0 1 1 1 0 1 1 1 1 0 0 0 0 0 0 1 0 1 1 
25
1 1 0 0 1 0 0 1 1 1 1 1 0 1 0 0 0 0 0 0 0 0 1 1 1 
1 1 1 1 1 1 0 0 1 0 0 0 0 1 0 0 0 0 0 0 1 0 0 1 1 
0 1 1 0 0 0 1 0 0 0 1 1 0 1 0 0 1 0 0 0 0 1 0 0 1 
0 1 0 1 0 0 0 0 0 0 0 1 0 0 0 0 0 0 0 0 0 0 0 0 0 
1 1 0 0 1 0 0 0 1 0 1 1 1 0 1 0 0 0 0 0 0 1 0 0 0 
0 1 0 0 0 1 1 1 0 0 0 0 1 0 0 0 0 0 0 0 1 1 1 0 1 
0 0 1 0 0 1 1 0 0 0 0 1 0 0 0 0 0 0 0 0 0 1 1 0 0 
1 0 0 0 0 1 0 1 1 0 1 0 0 1 0 0 0 0 0 1 1 0 1 1 1 
1 1 0 0 1 0 0 1 1 0 0 0 1 1 0 1 0 0 0 0 0 0 0 0 0 
1 0 0 0 0 0 0 0 0 1 0 1 0 1 1 1 0 1 0 0 1 0 0 0 0 
1 0 1 0 1 0 0 1 0 0 1 0 0 0 0 0 1 0 0 0 0 0 0 0 1 
1 0 1 1 1 0 1 0 0 1 0 1 0 0 1 0 0 0 0 0 0 1 0 1 0 
0 0 0 0 1 1 0 0 1 0 0 0 1 0 0 1 0 0 0 0 0 1 0 0 0 
1 1 1 0 0 0 0 1 1 1 0 0 0 1 0 1 0 0 0 0 0 0 0 1 0 
0 0 0 0 1 0 0 0 0 1 0 1 0 0 1 0 1 0 1 0 0 0 1 1 1 
0 0 0 0 0 0 0 0 1 1 0 0 1 1 0 1 0 0 0 0 0 0 0 1 1 
0 0 1 0 0 0 0 0 0 0 1 0 0 0 1 0 1 0 1 0 0 0 0 0 0 
0 0 0 0 0 0 0 0 0 1 0 0 0 0 0 0 0 1 0 0 0 0 0 0 1 
0 0 0 0 0 0 0 0 0 0 0 0 0 0 1 0 1 0 1 0 0 0 0 1 0 
0 0 0 0 0 0 0 1 0 0 0 0 0 0 0 0 0 0 0 1 0 0 0 0 0 
0 1 0 0 0 1 0 1 0 1 0 0 0 0 0 0 0 0 0 0 1 1 0 0 0 
0 0 1 0 1 1 1 0 0 0 0 1 1 0 0 0 0 0 0 0 1 1 1 1 0 
1 0 0 0 0 1 1 1 0 0 0 0 0 0 1 0 0 0 0 0 0 1 1 0 1 
1 1 0 0 0 0 0 1 0 0 0 1 0 1 1 1 0 0 1 0 0 1 0 1 0 
1 1 1 0 0 1 0 1 0 0 1 0 0 0 1 1 0 1 0 0 0 0 1 0 1 
25
1 1 0 0 1 0 0 0 0 0 1 0 1 0 0 0 1 1 0 0 0 1 0 0 0 
1 1 0 1 0 1 0 1 0 1 1 1 0 0 1 1 0 1 0 1 0 0 1 1 0 
0 0 1 0 0 1 0 0 0 1 0 0 0 0 1 0 0 0 0 0 0 1 0 1 0 
0 1 0 1 1 1 0 0 0 1 1 0 1 0 0 0 1 0 0 1 1 0 0 1 1 
1 0 0 1 1 1 0 0 0 0 0 0 0 0 0 0 0 1 0 0 0 1 1 0 0 
0 1 1 1 1 1 0 1 0 0 0 1 1 0 0 1 1 1 1 1 1 0 0 0 1 
0 0 0 0 0 0 1 1 0 0 1 0 0 1 0 0 0 1 0 0 1 0 0 0 1 
0 1 0 0 0 1 1 1 0 0 0 0 0 0 1 0 1 1 1 0 0 0 0 0 0 
0 0 0 0 0 0 0 0 1 1 0 0 1 0 0 0 1 0 0 0 1 0 1 0 0 
0 1 1 1 0 0 0 0 1 1 0 0 1 1 1 0 1 0 0 0 0 1 1 0 1 
1 1 0 1 0 0 1 0 0 0 1 1 0 1 1 0 1 1 0 1 0 0 0 0 1 
0 1 0 0 0 1 0 0 0 0 1 1 0 0 0 0 0 1 0 0 1 1 0 1 1 
1 0 0 1 0 1 0 0 1 1 0 0 1 0 0 0 0 0 0 0 1 0 0 0 0 
0 0 0 0 0 0 1 0 0 1 1 0 0 1 0 1 1 1 1 0 1 1 0 1 0 
0 1 1 0 0 0 0 1 0 1 1 0 0 0 1 0 1 0 1 0 0 0 1 0 0 
0 1 0 0 0 1 0 0 0 0 0 0 0 1 0 1 0 1 1 0 0 0 0 1 0 
1 0 0 1 0 1 0 1 1 1 1 0 0 1 1 0 1 1 0 1 1 0 0 1 0 
1 1 0 0 1 1 1 1 0 0 1 1 0 1 0 1 1 1 0 0 0 1 0 0 0 
0 0 0 0 0 1 0 1 0 0 0 0 0 1 1 1 0 0 1 1 1 1 0 0 0 
0 1 0 1 0 1 0 0 0 0 1 0 0 0 0 0 1 0 1 1 0 0 0 1 0 
0 0 0 1 0 1 1 0 1 0 0 1 1 1 0 0 1 0 1 0 1 1 1 1 0 
1 0 1 0 1 0 0 0 0 1 0 1 0 1 0 0 0 1 1 0 1 1 0 1 1 
0 1 0 0 1 0 0 0 1 1 0 0 0 0 1 0 0 0 0 0 1 0 1 0 1 
0 1 1 1 0 0 0 0 0 0 0 1 0 1 0 1 1 0 0 1 1 1 0 1 1 
0 0 0 1 0 1 1 0 0 1 1 1 0 0 0 0 0 0 0 0 0 1 1 1 1 
25
1 1 0 1 0 1 0 0 1 1 1 1 1 1 1 0 1 1 1 1 0 1 1 0 1 
1 1 1 1 0 0 0 1 1 1 1 1 1 1 0 1 0 1 0 1 0 0 1 1 0 
0 1 1 0 0 0 0 1 1 0 0 1 0 1 0 0 0 0 0 0 0 1 0 1 0 
1 1 0 1 1 1 1 0 1 0 1 0 1 1 1 1 0 0 0 1 1 0 0 1 0 
0 0 0 1 1 1 0 1 1 1 0 1 0 0 1 1 1 1 1 1 1 1 1 0 0 
1 0 0 1 1 1 0 0 0 1 1 0 0 1 0 0 0 0 1 0 0 1 1 0 0 
0 0 0 1 0 0 1 1 1 0 0 1 0 0 0 0 0 0 1 1 0 0 0 0 1 
0 1 1 0 1 0 1 1 1 1 1 0 1 1 0 1 0 1 1 1 0 1 1 0 1 
1 1 1 1 1 0 1 1 1 1 1 0 0 1 0 0 0 1 0 0 0 1 1 0 1 
1 1 0 0 1 1 0 1 1 1 1 1 1 1 0 0 0 0 0 0 0 1 0 1 0 
1 1 0 1 0 1 0 1 1 1 1 0 0 1 1 0 0 1 0 1 0 0 0 0 1 
1 1 1 0 1 0 1 0 0 1 0 1 1 1 0 1 0 0 0 0 0 1 0 0 1 
1 1 0 1 0 0 0 1 0 1 0 1 1 1 1 1 0 0 1 1 0 0 1 1 1 
1 1 1 1 0 1 0 1 1 1 1 1 1 1 0 1 0 1 1 0 0 0 1 0 1 
1 0 0 1 1 0 0 0 0 0 1 0 1 0 1 1 0 0 0 0 0 0 1 1 1 
0 1 0 1 1 0 0 1 0 0 0 1 1 1 1 1 1 1 0 0 1 1 1 0 1 
1 0 0 0 1 0 0 0 0 0 0 0 0 0 0 1 1 0 1 1 1 1 0 1 0 
1 1 0 0 1 0 0 1 1 0 1 0 0 1 0 1 0 1 0 1 1 1 0 1 0 
1 0 0 0 1 1 1 1 0 0 0 0 1 1 0 0 1 0 1 1 1 1 0 1 1 
1 1 0 1 1 0 1 1 0 0 1 0 1 0 0 0 1 1 1 1 0 0 0 0 0 
0 0 0 1 1 0 0 0 0 0 0 0 0 0 0 1 1 1 1 0 1 1 0 1 0 
1 0 1 0 1 1 0 1 1 1 0 1 0 0 0 1 1 1 1 0 1 1 1 0 0 
1 1 0 0 1 1 0 1 1 0 0 0 1 1 1 1 0 0 0 0 0 1 1 1 1 
0 1 1 1 0 0 0 0 0 1 0 0 1 0 1 0 1 1 1 0 1 0 1 1 0 
1 0 0 0 0 0 1 1 1 0 1 1 1 1 1 1 0 0 1 0 0 0 1 0 1 
25
1 1 1 0 0 1 1 0 1 0 0 1 1 1 1 0 1 1 1 0 0 0 0 0 0 
1 1 1 1 1 1 1 0 0 1 1 1 0 1 1 0 0 1 0 0 1 0 1 0 0 
1 1 1 1 1 1 0 1 1 1 0 0 0 0 0 0 0 0 1 0 1 1 0 1 1 
0 1 1 1 1 0 1 0 1 0 1 0 0 0 1 1 1 0 1 1 1 1 1 1 1 
0 1 1 1 1 1 1 1 1 0 0 0 1 1 1 1 1 0 0 1 0 1 1 1 1 
1 1 1 0 1 1 1 0 1 0 1 0 0 1 0 1 0 1 0 0 0 0 1 0 1 
1 1 0 1 1 1 1 1 1 1 0 1 0 0 1 0 1 1 0 0 1 0 1 0 1 
0 0 1 0 1 0 1 1 0 1 0 1 0 1 0 1 1 1 1 1 1 0 1 1 1 
1 0 1 1 1 1 1 0 1 1 1 0 0 1 1 1 0 1 1 1 0 1 1 0 0 
0 1 1 0 0 0 1 1 1 1 0 1 1 1 1 0 1 1 1 1 1 0 0 1 1 
0 1 0 1 0 1 0 0 1 0 1 0 1 0 1 1 1 1 1 1 0 1 0 1 0 
1 1 0 0 0 0 1 1 0 1 0 1 0 0 1 1 1 1 0 1 1 1 1 0 0 
1 0 0 0 1 0 0 0 0 1 1 0 1 1 0 0 1 1 0 0 1 1 1 1 1 
1 1 0 0 1 1 0 1 1 1 0 0 1 1 0 1 0 0 1 1 0 1 1 1 0 
1 1 0 1 1 0 1 0 1 1 1 1 0 0 1 1 1 1 0 0 0 1 0 0 0 
0 0 0 1 1 1 0 1 1 0 1 1 0 1 1 1 1 1 0 0 1 1 1 0 1 
1 0 0 1 1 0 1 1 0 1 1 1 1 0 1 1 1 1 1 0 0 1 0 0 0 
1 1 0 0 0 1 1 1 1 1 1 1 1 0 1 1 1 1 0 0 1 1 1 1 0 
1 0 1 1 0 0 0 1 1 1 1 0 0 1 0 0 1 0 1 1 1 1 1 1 1 
0 0 0 1 1 0 0 1 1 1 1 1 0 1 0 0 0 0 1 1 1 0 1 1 0 
0 1 1 1 0 0 1 1 0 1 0 1 1 0 0 1 0 1 1 1 1 0 0 0 1 
0 0 1 1 1 0 0 0 1 0 1 1 1 1 1 1 1 1 1 0 0 1 0 1 1 
0 1 0 1 1 1 1 1 1 0 0 1 1 1 0 1 0 1 1 1 0 0 1 1 0 
0 0 1 1 1 0 0 1 0 1 1 0 1 1 0 0 0 1 1 1 0 1 1 1 1 
0 0 1 1 1 1 1 1 0 1 0 0 1 0 0 1 0 0 1 0 1 1 0 1 1 
25
1 1 1 1 1 0 1 1 0 0 1 1 1 1 1 0 1 0 0 1 0 0 1 1 1 
1 1 0 1 1 1 0 1 1 1 0 1 1 1 1 1 1 1 1 1 1 0 0 0 1 
1 0 1 1 1 1 1 0 1 0 1 0 1 1 1 1 0 1 1 0 1 1 1 0 0 
1 1 1 1 1 1 1 1 1 0 0 1 1 1 1 1 0 0 1 1 0 0 1 0 0 
1 1 1 1 1 0 1 1 0 1 0 1 1 0 1 1 1 1 1 1 0 0 0 0 1 
0 1 1 1 0 1 0 0 1 1 1 0 1 1 0 1 1 0 1 0 0 0 0 1 0 
1 0 1 1 1 0 1 0 1 0 1 1 1 0 1 1 0 0 1 1 0 1 1 0 1 
1 1 0 1 1 0 0 1 1 1 1 1 1 0 1 1 1 1 1 1 1 1 0 0 1 
0 1 1 1 0 1 1 1 1 1 1 1 1 1 1 0 1 0 0 1 1 1 0 1 1 
0 1 0 0 1 1 0 1 1 1 1 0 0 0 0 0 0 0 0 0 0 0 1 1 1 
1 0 1 0 0 1 1 1 1 1 1 1 1 0 1 1 0 0 1 1 0 1 0 1 1 
1 1 0 1 1 0 1 1 1 0 1 1 0 1 0 1 1 1 1 1 1 1 0 0 0 
1 1 1 1 1 1 1 1 1 0 1 0 1 1 1 1 1 1 1 1 1 1 1 1 1 
1 1 1 1 0 1 0 0 1 0 0 1 1 1 1 1 1 0 1 0 0 0 1 1 1 
1 1 1 1 1 0 1 1 1 0 1 0 1 1 1 1 0 0 1 1 1 1 0 1 1 
0 1 1 1 1 1 1 1 0 0 1 1 1 1 1 1 1 1 1 1 1 1 0 1 1 
1 1 0 0 1 1 0 1 1 0 0 1 1 1 0 1 1 1 0 0 1 1 1 0 1 
0 1 1 0 1 0 0 1 0 0 0 1 1 0 0 1 1 1 1 0 1 0 1 1 1 
0 1 1 1 1 1 1 1 0 0 1 1 1 1 1 1 0 1 1 1 1 0 0 1 1 
1 1 0 1 1 0 1 1 1 0 1 1 1 0 1 1 0 0 1 1 1 1 0 0 1 
0 1 1 0 0 0 0 1 1 0 0 1 1 0 1 1 1 1 1 1 1 0 1 0 0 
0 0 1 0 0 0 1 1 1 0 1 1 1 0 1 1 1 0 0 1 0 1 1 1 1 
1 0 1 1 0 0 1 0 0 1 0 0 1 1 0 0 1 1 0 0 1 1 1 1 0 
1 0 0 0 0 1 0 0 1 1 1 0 1 1 1 1 0 1 1 0 0 1 1 1 0 
1 1 0 0 1 0 1 1 1 1 1 0 1 1 1 1 1 1 1 1 0 1 0 0 1 
30
1 0 0 0 0 0 0 0 0 1 0 0 0 0 0 0 1 0 0 0 0 1 1 0 0 0 0 0 0 0 
0 1 1 0 1 0 1 1 0 0 0 1 0 1 1 0 0 1 0 0 1 0 0 0 1 0 0 0 1 0 
0 1 1 0 0 0 0 0 0 0 0 0 0 0 0 0 0 0 1 0 0 1 1 0 0 1 1 1 0 0 
0 0 0 1 1 1 0 0 1 1 0 1 1 0 1 0 1 0 0 0 0 0 0 1 1 0 0 0 1 0 
0 1 0 1 1 1 1 1 0 0 0 0 1 1 0 0 0 0 0 0 1 0 0 0 0 0 1 0 0 0 
0 0 0 1 1 1 1 0 0 0 0 0 0 0 0 0 0 1 0 0 0 0 1 0 1 1 0 1 0 1 
0 1 0 0 1 1 1 1 0 0 1 1 0 0 0 0 1 0 0 0 0 0 1 0 0 0 0 0 0 1 
0 1 0 0 1 0 1 1 0 0 0 0 0 0 1 0 1 0 1 0 0 1 1 0 0 0 0 1 1 1 
0 0 0 1 0 0 0 0 1 1 0 1 0 1 0 1 0 0 0 0 0 1 0 0 1 1 0 0 1 0 
1 0 0 1 0 0 0 0 1 1 1 1 0 1 0 1 0 0 0 0 0 1 1 0 0 0 0 0 0 0 
0 0 0 0 0 0 1 0 0 1 1 0 0 0 0 0 0 1 0 0 0 1 1 0 0 1 0 0 0 0 
0 1 0 1 0 0 1 0 1 1 0 1 0 0 0 0 1 0 1 0 1 0 1 1 0 0 0 0 0 1 
0 0 0 1 1 0 0 0 0 0 0 0 1 0 1 1 0 1 1 0 1 0 0 0 1 1 0 0 1 1 
0 1 0 0 1 0 0 0 1 1 0 0 0 1 0 0 1 0 0 0 1 1 0 0 0 0 0 0 1 0 
0 1 0 1 0 0 0 1 0 0 0 0 1 0 1 1 0 0 1 0 1 1 0 0 0 0 0 0 0 1 
0 0 0 0 0 0 0 0 1 1 0 0 1 0 1 1 0 1 0 0 1 0 0 1 1 0 1 0 0 0 
1 0 0 1 0 0 1 1 0 0 0 1 0 1 0 0 1 0 0 0 1 0 0 1 1 1 1 0 0 1 
0 1 0 0 0 1 0 0 0 0 1 0 1 0 0 1 0 1 0 0 0 0 0 0 0 0 1 0 0 0 
0 0 1 0 0 0 0 1 0 0 0 1 1 0 1 0 0 0 1 0 1 0 0 0 0 0 0 0 0 0 
0 0 0 0 0 0 0 0 0 0 0 0 0 0 0 0 0 0 0 1 1 0 0 0 0 0 0 1 1 1 
0 1 0 0 1 0 0 0 0 0 0 1 1 1 1 1 1 0 1 1 1 0 1 1 0 0 1 0 0 0 
1 0 1 0 0 0 0 1 1 1 1 0 0 1 1 0 0 0 0 0 0 1 1 0 1 0 0 0 0 1 
1 0 1 0 0 1 1 1 0 1 1 1 0 0 0 0 0 0 0 0 1 1 1 1 1 0 0 0 0 0 
0 0 0 1 0 0 0 0 0 0 0 1 0 0 0 1 1 0 0 0 1 0 1 1 0 0 1 1 0 0 
0 1 0 1 0 1 0 0 1 0 0 0 1 0 0 1 1 0 0 0 0 1 1 0 1 0 0 0 0 0 
0 0 1 0 0 1 0 0 1 0 1 0 1 0 0 0 1 0 0 0 0 0 0 0 0 1 0 0 0 0 
0 0 1 0 1 0 0 0 0 0 0 0 0 0 0 1 1 1 0 0 1 0 0 1 0 0 1 0 0 0 
0 0 1 0 0 1 0 1 0 0 0 0 0 0 0 0 0 0 0 1 0 0 0 1 0 0 0 1 0 0 
0 1 0 1 0 0 0 1 1 0 0 0 1 1 0 0 0 0 0 1 0 0 0 0 0 0 0 0 1 0 
0 0 0 0 0 1 1 1 0 0 0 1 1 0 1 0 1 0 0 1 0 1 0 0 0 0 0 0 0 1 
30
1 0 0 0 1 0 0 0 1 1 0 0 0 0 0 0 0 0 0 1 0 1 0 0 1 0 1 0 1 0 
0 1 0 0 0 1 0 1 1 0 1 0 0 0 1 0 0 0 0 0 0 0 0 1 0 1 1 0 1 0 
0 0 1 1 1 1 0 0 0 1 1 1 0 1 1 0 1 1 1 0 0 0 0 0 1 0 0 0 1 1 
0 0 1 1 1 1 0 0 1 1 1 0 0 0 0 0 1 1 0 0 0 1 0 0 0 1 1 0 1 0 
1 0 1 1 1 0 1 0 1 0 1 1 0 0 1 0 1 0 0 0 0 1 0 1 1 1 1 0 0 1 
0 1 1 1 0 1 0 0 0 1 1 1 0 0 1 1 0 1 1 1 0 0 1 0 1 1 1 0 1 1 
0 0 0 0 1 0 1 1 1 1 0 0 1 1 1 0 1 1 1 0 0 0 0 1 1 0 0 0 0 1 
0 1 0 0 0 0 1 1 0 0 0 0 1 1 1 1 0 0 0 0 0 0 0 0 0 1 0 0 1 0 
1 1 0 1 1 0 1 0 1 1 0 1 0 0 0 0 0 0 1 0 1 0 1 0 1 0 0 0 1 1 
1 0 1 1 0 1 1 0 1 1 1 1 0 1 0 0 1 0 1 1 1 1 0 0 0 1 0 0 1 0 
0 1 1 1 1 1 0 0 0 1 1 0 0 1 0 1 1 1 1 1 1 0 1 1 1 1 0 0 0 0 
0 0 1 0 1 1 0 0 1 1 0 1 0 0 1 0 0 1 0 1 0 0 1 1 0 0 1 1 0 0 
0 0 0 0 0 0 1 1 0 0 0 0 1 0 0 0 1 1 0 1 1 0 0 1 0 1 1 1 1 0 
0 0 1 0 0 0 1 1 0 1 1 0 0 1 1 0 1 1 1 0 1 0 0 1 0 1 0 0 1 0 
0 1 1 0 1 1 1 1 0 0 0 1 0 1 1 0 0 0 0 0 0 0 0 0 1 0 0 0 0 0 
0 0 0 0 0 1 0 1 0 0 1 0 0 0 0 1 1 0 0 0 1 1 1 0 0 1 0 1 0 0 
0 0 1 1 1 0 1 0 0 1 1 0 1 1 0 1 1 0 0 1 1 1 0 0 0 1 0 0 1 0 
0 0 1 1 0 1 1 0 0 0 1 1 1 1 0 0 0 1 0 0 1 0 1 1 0 0 0 0 0 0 
0 0 1 0 0 1 1 0 1 1 1 0 0 1 0 0 0 0 1 0 0 1 0 1 0 1 1 1 1 0 
1 0 0 0 0 1 0 0 0 1 1 1 1 0 0 0 1 0 0 1 0 1 0 0 1 0 1 0 0 1 
0 0 0 0 0 0 0 0 1 1 1 0 1 1 0 1 1 1 0 0 1 0 1 0 1 1 0 0 0 1 
1 0 0 1 1 0 0 0 0 1 0 0 0 0 0 1 1 0 1 1 0 1 1 0 0 0 1 0 0 0 
0 0 0 0 0 1 0 0 1 0 1 1 0 0 0 1 0 1 0 0 1 1 1 0 1 1 1 0 0 1 
0 1 0 0 1 0 1 0 0 0 1 1 1 1 0 0 0 1 1 0 0 0 0 1 1 0 0 0 0 0 
1 0 1 0 1 1 1 0 1 0 1 0 0 0 1 0 0 0 0 1 1 0 1 1 1 0 1 1 0 0 
0 1 0 1 1 1 0 1 0 1 1 0 1 1 0 1 1 0 1 0 1 0 1 0 0 1 0 1 1 1 
1 1 0 1 1 1 0 0 0 0 0 1 1 0 0 0 0 0 1 1 0 1 1 0 1 0 1 0 0 0 
0 0 0 0 0 0 0 0 0 0 0 1 1 0 0 1 0 0 1 0 0 0 0 0 1 1 0 1 0 1 
1 1 1 1 0 1 0 1 1 1 0 0 1 1 0 0 1 0 1 0 0 0 0 0 0 1 0 0 1 0 
0 0 1 0 1 1 1 0 1 0 0 0 0 0 0 0 0 0 0 1 1 0 1 0 0 1 0 1 0 1 
30
1 0 0 1 1 0 1 0 0 1 1 1 0 1 0 0 1 0 1 1 1 1 0 0 0 0 1 0 1 1 
0 1 1 1 0 1 0 0 0 1 0 1 0 0 0 1 0 0 1 1 0 0 0 0 1 1 0 1 1 0 
0 1 1 0 0 1 0 1 1 1 0 1 1 0 1 1 0 0 1 1 0 0 0 0 0 1 1 1 0 1 
1 1 0 1 1 0 1 1 1 1 0 0 0 1 1 1 1 0 1 1 1 1 1 0 1 0 1 1 1 0 
1 0 0 1 1 1 0 0 1 0 1 1 1 1 1 1 0 1 1 0 1 1 0 1 0 0 1 1 1 1 
0 1 1 0 1 1 1 1 0 1 1 1 0 1 1 0 0 0 1 1 0 1 0 1 1 1 0 0 0 0 
1 0 0 1 0 1 1 0 1 1 1 1 1 0 1 0 1 0 1 1 0 1 0 0 1 1 1 1 0 0 
0 0 1 1 0 1 0 1 0 1 1 1 0 1 0 1 1 1 1 1 1 0 0 1 0 0 1 1 0 0 
0 0 1 1 1 0 1 0 1 1 1 1 1 1 0 1 0 0 0 1 1 0 1 0 1 1 0 0 1 1 
1 1 1 1 0 1 1 1 1 1 1 1 1 1 1 0 0 1 1 1 1 0 1 1 1 1 0 0 0 1 
1 0 0 0 1 1 1 1 1 1 1 1 1 1 0 1 1 0 1 0 1 1 1 1 0 0 0 0 0 1 
1 1 1 0 1 1 1 1 1 1 1 1 1 1 0 1 1 1 1 0 0 0 1 0 1 1 0 0 0 1 
0 0 1 0 1 0 1 0 1 1 1 1 1 0 0 1 1 0 0 1 1 1 1 0 0 1 1 1 0 0 
1 0 0 1 1 1 0 1 1 1 1 1 0 1 0 1 1 0 1 1 0 0 1 0 1 1 1 0 0 1 
0 0 1 1 1 1 1 0 0 1 0 0 0 0 1 0 1 0 0 0 0 1 0 1 0 0 1 1 1 1 
0 1 1 1 1 0 0 1 1 0 1 1 1 1 0 1 0 1 0 1 1 0 0 0 0 0 1 0 1 1 
1 0 0 1 0 0 1 1 0 0 1 1 1 1 1 0 1 0 1 1 0 0 0 0 0 1 0 1 1 1 
0 0 0 0 1 0 0 1 0 1 0 1 0 0 0 1 0 1 1 1 1 1 1 1 1 0 1 1 1 1 
1 1 1 1 1 1 1 1 0 1 1 1 0 1 0 0 1 1 1 1 1 0 1 0 0 0 1 0 1 1 
1 1 1 1 0 1 1 1 1 1 0 0 1 1 0 1 1 1 1 1 1 0 0 1 1 0 1 1 0 0 
1 0 0 1 1 0 0 1 1 1 1 0 1 0 0 1 0 1 1 1 1 0 0 1 0 1 1 1 1 0 
1 0 0 1 1 1 1 0 0 0 1 0 1 0 1 0 0 1 0 0 0 1 0 1 0 1 1 0 1 0 
0 0 0 1 0 0 0 0 1 1 1 1 1 1 0 0 0 1 1 0 0 0 1 0 1 1 1 1 0 1 
0 0 0 0 1 1 0 1 0 1 1 0 0 0 1 0 0 1 0 1 1 1 0 1 1 1 1 1 1 0 
0 1 0 1 0 1 1 0 1 1 0 1 0 1 0 0 0 1 0 1 0 0 1 1 1 0 0 1 0 0 
0 1 1 0 0 1 1 0 1 1 0 1 1 1 0 0 1 0 0 0 1 1 1 1 0 1 1 0 0 1 
1 0 1 1 1 0 1 1 0 0 0 0 1 1 1 1 0 1 1 1 1 1 1 1 0 1 1 0 0 1 
0 1 1 1 1 0 1 1 0 0 0 0 1 0 1 0 1 1 0 1 1 0 1 1 1 0 0 1 0 0 
1 1 0 1 1 0 0 0 1 0 0 0 0 0 1 1 1 1 1 0 1 1 0 1 0 0 0 0 1 1 
1 0 1 0 1 0 0 0 1 1 1 1 0 1 1 1 1 1 1 0 0 0 1 0 0 1 1 0 1 1 
30
1 0 1 1 1 0 1 0 0 0 1 0 1 1 0 0 0 0 1 0 1 0 0 0 1 0 1 1 1 1 
0 1 1 0 0 0 0 1 1 1 0 0 0 1 0 1 1 0 1 0 0 1 1 1 1 0 1 1 0 1 
1 1 1 1 1 1 1 1 0 1 0 1 0 1 1 1 0 1 0 0 1 0 1 0 0 0 1 1 0 1 
1 0 1 1 0 1 1 1 0 0 1 0 0 1 0 1 1 1 1 1 1 1 1 1 0 1 0 0 1 0 
1 0 1 0 1 0 1 1 0 1 1 0 1 1 0 0 1 1 1 1 0 0 1 1 1 0 0 1 1 0 
0 0 1 1 0 1 0 1 1 1 0 1 1 1 0 0 1 0 1 1 1 0 0 1 1 1 1 1 1 1 
1 0 1 1 1 0 1 1 1 0 0 0 1 1 1 1 1 0 1 1 0 1 0 1 0 1 0 0 0 1 
0 1 1 1 1 1 1 1 1 1 1 1 1 0 1 0 1 1 1 0 1 0 1 0 0 1 1 1 1 1 
0 1 0 0 0 1 1 1 1 0 0 1 1 1 0 1 0 0 0 0 1 1 0 1 0 1 1 1 0 1 
0 1 1 0 1 1 0 1 0 1 0 1 1 0 0 0 0 0 0 1 1 1 1 0 0 0 1 1 0 1 
1 0 0 1 1 0 0 1 0 0 1 0 0 1 1 1 1 1 0 1 0 0 1 0 1 0 1 1 1 1 
0 0 1 0 0 1 0 1 1 1 0 1 0 1 1 1 1 0 0 1 1 1 0 1 1 0 0 1 1 1 
1 0 0 0 1 1 1 1 1 1 0 0 1 1 0 1 1 1 0 0 1 1 0 0 1 1 1 0 1 1 
1 1 1 1 1 1 1 0 1 0 1 1 1 1 1 1 1 1 0 0 0 1 1 0 0 0 1 0 0 1 
0 0 1 0 0 0 1 1 0 0 1 1 0 1 1 0 1 1 1 1 0 1 0 0 1 1 1 1 1 0 
0 1 1 1 0 0 1 0 1 0 1 1 1 1 0 1 1 0 1 1 1 0 0 1 1 1 1 1 0 1 
0 1 0 1 1 1 1 1 0 0 1 1 1 1 1 1 1 1 0 1 0 1 1 0 0 0 1 0 1 1 
0 0 1 1 1 0 0 1 0 0 1 0 1 1 1 0 1 1 0 1 0 1 1 0 1 1 1 0 0 1 
1 1 0 1 1 1 1 1 0 0 0 0 0 0 1 1 0 0 1 1 1 1 0 1 1 1 1 0 1 1 
0 0 0 1 1 1 1 0 0 1 1 1 0 0 1 1 1 1 1 1 1 0 1 1 0 0 1 1 1 0 
1 0 1 1 0 1 0 1 1 1 0 1 1 0 0 1 0 0 1 1 1 1 1 1 0 0 0 0 1 0 
0 1 0 1 0 0 1 0 1 1 0 1 1 1 1 0 1 1 1 0 1 1 0 1 0 1 1 0 1 1 
0 1 1 1 1 0 0 1 0 1 1 0 0 1 0 0 1 1 0 1 1 0 1 1 1 0 0 0 1 0 
0 1 0 1 1 1 1 0 1 0 0 1 0 0 0 1 0 0 1 1 1 1 1 1 0 1 1 1 1 1 
1 1 0 0 1 1 0 0 0 0 1 1 1 0 1 1 0 1 1 0 0 0 1 0 1 1 1 0 1 0 
0 0 0 1 0 1 1 1 1 0 0 0 1 0 1 1 0 1 1 0 0 1 0 1 1 1 1 1 0 0 
1 1 1 0 0 1 0 1 1 1 1 0 1 1 1 1 1 1 1 1 0 1 0 1 1 1 1 1 1 0 
1 1 1 0 1 1 0 1 1 1 1 1 0 0 1 1 0 0 0 1 0 0 0 1 0 1 1 1 1 1 
1 0 0 1 1 1 0 1 0 0 1 1 1 0 1 0 1 0 1 1 1 1 1 1 1 0 1 1 1 1 
1 1 1 0 0 1 1 1 1 1 1 1 1 1 0 1 1 1 1 0 0 1 0 1 0 0 0 1 1 1 
30
1 0 1 1 1 1 1 1 1 1 1 1 1 1 1 1 1 1 0 1 1 1 1 0 0 0 0 1 1 0 
0 1 1 1 1 1 1 1 0 1 0 1 1 0 1 1 0 1 1 0 0 1 0 0 1 0 1 1 1 1 
1 1 1 0 0 1 1 1 1 0 0 1 1 1 1 1 1 1 1 1 1 1 1 1 1 0 1 1 1 1 
1 1 0 1 0 0 0 1 1 1 0 1 1 1 0 1 1 1 1 1 1 0 0 0 1 1 1 1 1 1 
1 1 0 0 1 1 0 0 1 1 1 1 1 1 0 1 1 0 1 1 0 0 0 0 1 1 1 1 1 1 
1 1 1 0 1 1 1 0 0 1 1 0 1 1 1 1 1 0 0 1 1 1 1 1 1 0 1 1 1 1 
1 1 1 0 0 1 1 0 0 1 0 1 0 1 1 1 1 0 1 0 1 1 1 1 1 1 1 0 1 0 
1 1 1 1 0 0 0 1 1 1 1 0 1 1 0 1 0 0 1 0 1 1 1 0 1 0 1 0 1 1 
1 0 1 1 1 0 0 1 1 1 1 0 1 1 0 1 1 0 1 0 1 0 1 1 1 1 0 0 1 0 
1 1 0 1 1 1 1 1 1 1 1 1 0 0 1 1 1 0 1 1 0 0 1 1 1 1 1 1 1 1 
1 0 0 0 1 1 0 1 1 1 1 0 0 1 1 1 1 1 1 0 1 1 1 0 1 0 0 0 1 1 
1 1 1 1 1 0 1 0 0 1 0 1 1 1 1 1 1 0 1 1 1 1 1 1 0 1 1 0 1 1 
1 1 1 1 1 1 0 1 1 0 0 1 1 1 1 1 1 1 1 1 0 1 0 1 1 1 1 1 0 1 
1 0 1 1 1 1 1 1 1 0 1 1 1 1 1 0 0 0 1 1 1 1 1 1 1 1 0 1 1 1 
1 1 1 0 0 1 1 0 0 1 1 1 1 1 1 0 1 1 1 0 1 1 1 1 1 1 1 0 1 1 
1 1 1 1 1 1 1 1 1 1 1 1 1 0 0 1 1 0 0 0 0 0 1 0 1 1 1 0 1 1 
1 0 1 1 1 1 1 0 1 1 1 1 1 0 1 1 1 0 0 1 1 0 1 1 0 1 1 0 0 1 
1 1 1 1 0 0 0 0 0 0 1 0 1 0 1 0 0 1 1 0 0 1 0 1 0 0 1 1 1 0 
0 1 1 1 1 0 1 1 1 1 1 1 1 1 1 0 0 1 1 1 0 1 0 0 1 1 1 1 0 1 
1 0 1 1 1 1 0 0 0 1 0 1 1 1 0 0 1 0 1 1 1 1 1 1 0 1 0 1 1 0 
1 0 1 1 0 1 1 1 1 0 1 1 0 1 1 0 1 0 0 1 1 1 0 1 0 0 1 1 1 1 
1 1 1 0 0 1 1 1 0 0 1 1 1 1 1 0 0 1 1 1 1 1 1 1 1 1 1 1 1 1 
1 0 1 0 0 1 1 1 1 1 1 1 0 1 1 1 1 0 0 1 0 1 1 1 1 1 1 1 1 0 
0 0 1 0 0 1 1 0 1 1 0 1 1 1 1 0 1 1 0 1 1 1 1 1 1 1 0 1 1 0 
0 1 1 1 1 1 1 1 1 1 1 0 1 1 1 1 0 0 1 0 0 1 1 1 1 1 1 1 0 0 
0 0 0 1 1 0 1 0 1 1 0 1 1 1 1 1 1 0 1 1 0 1 1 1 1 1 1 1 1 1 
0 1 1 1 1 1 1 1 0 1 0 1 1 0 1 1 1 1 1 0 1 1 1 0 1 1 1 1 1 1 
1 1 1 1 1 1 0 0 0 1 0 0 1 1 0 0 0 1 1 1 1 1 1 1 1 1 1 1 1 0 
1 1 1 1 1 1 1 1 1 1 1 1 0 1 1 1 0 1 0 1 1 1 1 1 0 1 1 1 1 1 
0 1 1 1 1 1 0 1 0 1 1 1 1 1 1 1 1 0 1 0 1 1 0 0 0 1 1 0 1 1 
35
1 0 1 0 1 0 1 0 1 0 0 0 0 1 0 0 0 0 0 0 0 0 1 0 0 1 0 0 1 0 1 0 1 1 0 
0 1 0 0 0 0 1 1 1 0 0 0 1 0 1 0 0 0 0 1 0 0 1 0 1 1 0 0 0 1 0 0 1 1 0 
1 0 1 0 0 1 0 0 1 0 0 1 0 0 0 0 0 0 0 0 0 0 0 0 0 0 1 0 0 0 1 1 0 0 0 
0 0 0 1 0 0 0 0 0 0 0 0 0 0 0 1 0 1 1 1 1 0 1 0 0 0 0 1 0 0 0 0 0 1 0 
1 0 0 0 1 0 0 1 0 1 1 0 0 0 0 0 1 1 1 0 0 1 0 1 0 0 0 0 0 0 0 0 1 1 1 
0 0 1 0 0 1 1 0 0 1 0 0 1 0 0 0 0 1 0 1 1 1 0 0 0 1 1 0 0 0 1 0 0 0 0 
1 1 0 0 0 1 1 0 1 0 1 0 0 0 0 0 0 0 0 0 1 0 0 1 0 0 1 1 1 0 0 1 1 1 0 
0 1 0 0 1 0 0 1 0 0 0 0 0 0 1 0 0 0 1 0 1 0 1 0 0 0 1 0 0 1 0 0 0 0 0 
1 1 1 0 0 0 1 0 1 0 0 0 1 0 0 0 0 0 0 1 0 1 0 1 1 0 0 0 1 1 0 0 0 0 0 
0 0 0 0 1 1 0 0 0 1 1 1 1 1 1 0 0 0 0 1 0 0 0 0 1 0 0 0 1 1 0 1 1 1 0 
0 0 0 0 1 0 1 0 0 1 1 1 0 0 1 0 1 0 0 1 1 0 1 1 1 0 0 0 1 0 0 1 0 1 0 
0 0 1 0 0 0 0 0 0 1 1 1 0 1 0 0 1 0 0 0 0 0 0 1 0 0 0 0 0 1 0 1 0 0 0 
0 1 0 0 0 1 0 0 1 1 0 0 1 1 0 0 0 1 0 1 0 0 1 0 0 0 1 0 0 0 0 0 0 0 0 
1 0 0 0 0 0 0 0 0 1 0 1 1 1 0 0 1 0 0 0 1 1 0 0 0 1 1 0 0 1 0 0 0 0 0 
0 1 0 0 0 0 0 1 0 1 1 0 0 0 1 0 0 0 0 1 1 1 0 0 0 1 0 0 0 0 1 1 0 0 0 
0 0 0 1 0 0 0 0 0 0 0 0 0 0 0 1 0 0 0 0 0 1 0 1 0 0 0 1 1 1 0 1 1 0 1 
0 0 0 0 1 0 0 0 0 0 1 1 0 1 0 0 1 0 1 1 0 0 1 0 0 0 0 1 0 0 0 1 1 1 0 
0 0 0 1 1 1 0 0 0 0 0 0 1 0 0 0 0 1 1 1 0 0 0 1 0 0 0 0 0 0 0 1 1 0 0 
0 0 0 1 1 0 0 1 0 0 0 0 0 0 0 0 1 1 1 0 1 0 0 0 1 0 0 0 0 0 1 1 0 0 0 
0 1 0 1 0 1 0 0 1 1 1 0 1 0 1 0 1 1 0 1 0 0 0 1 1 0 0 1 0 0 0 0 0 0 0 
0 0 0 1 0 1 1 1 0 0 1 0 0 1 1 0 0 0 1 0 1 0 1 0 0 0 1 1 0 1 0 0 1 0 0 
0 0 0 0 1 1 0 0 1 0 0 0 0 1 1 1 0 0 0 0 0 1 0 0 0 0 1 0 0 0 0 0 0 0 1 
1 1 0 1 0 0 0 1 0 0 1 0 1 0 0 0 1 0 0 0 1 0 1 0 0 0 0 1 0 0 0 0 0 0 1 
0 0 0 0 1 0 1 0 1 0 1 1 0 0 0 1 0 1 0 1 0 0 0 1 0 0 1 0 0 1 1 0 0 0 1 
0 1 0 0 0 0 0 0 1 1 1 0 0 0 0 0 0 0 1 1 0 0 0 0 1 0 1 1 0 0 1 1 1 0 0 
1 1 0 0 0 1 0 0 0 0 0 0 0 1 1 0 0 0 0 0 0 0 0 0 0 1 0 0 0 0 0 0 0 0 0 
0 0 1 0 0 1 1 1 0 0 0 0 1 1 0 0 0 0 0 0 1 1 0 1 1 0 1 0 0 1 0 0 1 1 1 
0 0 0 1 0 0 1 0 0 0 0 0 0 0 0 1 1 0 0 1 1 0 1 0 1 0 0 1 0 0 0 0 1 0 0 
1 0 0 0 0 0 1 0 1 1 1 0 0 0 0 1 0 0 0 0 0 0 0 0 0 0 0 0 1 0 1 0 0 0 1 
0 1 0 0 0 0 0 1 1 1 0 1 0 1 0 1 0 0 0 0 1 0 0 1 0 0 1 0 0 1 0 1 0 1 0 
1 0 1 0 0 1 0 0 0 0 0 0 0 0 1 0 0 0 1 0 0 0 0 1 1 0 0 0 1 0 1 0 0 0 0 
0 0 1 0 0 0 1 0 0 1 1 1 0 0 1 1 1 1 1 0 0 0 0 0 1 0 0 0 0 1 0 1 0 0 0 
1 1 0 0 1 0 1 0 0 1 0 0 0 0 0 1 1 1 0 0 1 0 0 0 1 0 1 1 0 0 0 0 1 1 0 
1 1 0 1 1 0 1 0 0 1 1 0 0 0 0 0 1 0 0 0 0 0 0 0 0 0 1 0 0 1 0 0 1 1 1 
0 0 0 0 1 0 0 0 0 0 0 0 0 0 0 1 0 0 0 0 0 1 1 1 0 0 1 0 1 0 0 0 0 1 1 
35
1 1 0 0 1 1 0 0 0 1 0 1 1 1 0 0 1 0 1 0 0 0 0 1 0 0 0 0 1 0 1 1 1 1 1 
1 1 0 1 0 0 0 0 0 1 1 1 1 0 1 0 1 1 0 1 0 0 0 0 1 0 1 1 0 1 0 0 1 1 0 
0 0 1 1 0 1 0 1 0 0 0 0 1 0 0 0 1 1 0 0 1 0 0 0 1 0 1 1 0 1 0 0 0 1 0 
0 1 1 1 0 0 1 0 1 1 1 1 0 0 1 0 0 1 0 0 1 1 1 0 1 1 0 0 0 0 0 0 1 0 0 
1 0 0 0 1 1 0 0 0 0 0 0 0 1 0 0 0 0 0 1 1 1 1 1 0 1 1 1 0 0 0 1 0 0 0 
1 0 1 0 1 1 0 0 0 0 0 1 0 1 1 1 1 0 0 1 0 0 0 0 1 1 0 1 0 1 0 1 1 1 0 
0 0 0 1 0 0 1 0 0 0 0 0 1 0 0 0 0 0 0 0 1 1 0 1 1 0 0 0 0 0 0 1 0 0 1 
0 0 1 0 0 0 0 1 0 0 1 0 0 1 0 1 1 1 0 0 1 1 0 1 0 0 0 0 0 1 1 1 1 0 0 
0 0 0 1 0 0 0 0 1 0 1 1 0 1 1 0 0 1 0 0 0 1 1 1 0 0 0 0 0 0 0 0 1 1 0 
1 1 0 1 0 0 0 0 0 1 1 1 1 1 1 0 0 0 1 0 0 1 1 0 1 1 0 1 0 1 1 0 0 0 1 
0 1 0 1 0 0 0 1 1 1 1 0 0 0 1 0 1 1 0 0 1 1 0 1 0 0 1 0 1 1 1 1 0 1 1 
1 1 0 1 0 1 0 0 1 1 0 1 1 1 1 0 1 1 1 0 0 1 0 0 1 1 1 0 0 1 0 1 0 0 0 
1 1 1 0 0 0 1 0 0 1 0 1 1 1 0 0 0 0 1 0 1 1 1 1 0 0 1 0 1 0 0 0 0 1 0 
1 0 0 0 1 1 0 1 1 1 0 1 1 1 1 0 0 0 0 1 0 0 1 0 0 0 0 0 1 0 0 1 0 0 0 
0 1 0 1 0 1 0 0 1 1 1 1 0 1 1 0 0 0 0 1 0 0 0 1 1 0 1 1 0 0 0 1 0 0 0 
0 0 0 0 0 1 0 1 0 0 0 0 0 0 0 1 0 1 1 0 0 0 0 1 0 0 1 0 1 0 0 0 1 1 1 
1 1 1 0 0 1 0 1 0 0 1 1 0 0 0 0 1 0 1 0 0 0 1 0 1 1 1 0 1 0 0 0 0 0 1 
0 1 1 1 0 0 0 1 1 0 1 1 0 0 0 1 0 1 1 1 0 0 0 1 0 1 0 0 0 0 0 0 0 0 0 
1 0 0 0 0 0 0 0 0 1 0 1 1 0 0 1 1 1 1 1 0 1 0 0 1 0 0 0 0 0 0 0 1 0 1 
0 1 0 0 1 1 0 0 0 0 0 0 0 1 1 0 0 1 1 1 0 1 0 1 1 1 0 0 1 0 1 0 0 0 0 
0 0 1 1 1 0 1 1 0 0 1 0 1 0 0 0 0 0 0 0 1 0 0 1 1 1 0 1 0 1 0 0 0 1 0 
0 0 0 1 1 0 1 1 1 1 1 1 1 0 0 0 0 0 1 1 0 1 0 1 1 0 0 1 1 0 0 0 0 0 1 
0 0 0 1 1 0 0 0 1 1 0 0 1 1 0 0 1 0 0 0 0 0 1 1 1 1 0 0 1 0 0 1 1 1 0 
1 0 0 0 1 0 1 1 1 0 1 0 1 0 1 1 0 1 0 1 1 1 1 1 1 1 0 0 0 1 0 1 0 0 0 
0 1 1 1 0 1 1 0 0 1 0 1 0 0 1 0 1 0 1 1 1 1 1 1 1 0 1 0 0 0 0 1 0 1 1 
0 0 0 1 1 1 0 0 0 1 0 1 0 0 0 0 1 1 0 1 1 0 1 1 0 1 0 1 0 1 0 1 1 0 1 
0 1 1 0 1 0 0 0 0 0 1 1 1 0 1 1 1 0 0 0 0 0 0 0 1 0 1 0 0 0 1 0 1 0 0 
0 1 1 0 1 1 0 0 0 1 0 0 0 0 1 0 0 0 0 0 1 1 0 0 0 1 0 1 1 0 0 0 1 0 0 
1 0 0 0 0 0 0 0 0 0 1 0 1 1 0 1 1 0 0 1 0 1 1 0 0 0 0 1 1 0 0 0 1 0 0 
0 1 1 0 0 1 0 1 0 1 1 1 0 0 0 0 0 0 0 0 1 0 0 1 0 1 0 0 0 1 1 0 0 0 1 
1 0 0 0 0 0 0 1 0 1 1 0 0 0 0 0 0 0 0 1 0 0 0 0 0 0 1 0 0 1 1 0 1 0 1 
1 0 0 0 1 1 1 1 0 0 1 1 0 1 1 0 0 0 0 0 0 0 1 1 1 1 0 0 0 0 0 1 0 0 0 
1 1 0 1 0 1 0 1 1 0 0 0 0 0 0 1 0 0 1 0 0 0 1 0 0 1 1 1 1 0 1 0 1 0 0 
1 1 1 0 0 1 0 0 1 0 1 0 1 0 0 1 0 0 0 0 1 0 1 0 1 0 0 0 0 0 0 0 0 1 0 
1 0 0 0 0 0 1 0 0 1 1 0 0 0 0 1 1 0 1 0 0 1 0 0 1 1 0 0 0 1 1 0 0 0 1 
35
1 0 0 1 1 0 1 1 1 1 0 1 0 1 1 1 0 1 1 0 1 0 1 0 1 0 1 0 0 0 0 0 1 1 0 
0 1 0 0 1 0 1 1 0 1 0 1 1 1 1 0 1 1 1 1 0 0 1 1 1 0 1 1 1 1 1 1 0 0 1 
0 0 1 0 1 1 1 1 1 0 1 1 1 1 0 1 1 0 0 1 1 0 1 1 0 0 0 1 0 1 1 0 0 0 0 
1 0 0 1 1 0 0 1 0 0 0 1 0 1 0 1 0 1 0 1 1 1 1 0 1 1 1 1 1 1 0 0 0 1 0 
1 1 1 1 1 1 1 0 0 1 0 0 0 1 1 0 1 0 0 0 0 0 1 0 1 0 0 0 1 1 0 1 1 1 1 
0 0 1 0 1 1 0 0 0 1 1 0 0 0 0 1 1 1 1 1 0 0 1 1 0 1 0 1 0 1 0 0 1 0 1 
1 1 1 0 1 0 1 0 0 0 1 0 0 1 0 0 0 1 0 1 1 1 0 0 0 0 1 1 0 1 0 1 0 0 0 
1 1 1 1 0 0 0 1 0 0 0 1 0 1 1 1 1 1 0 1 0 1 0 1 0 0 0 0 0 1 1 0 1 0 1 
1 0 1 0 0 0 0 0 1 0 1 0 1 1 0 1 0 1 0 0 1 0 1 0 0 1 1 1 0 1 1 0 1 1 0 
1 1 0 0 1 1 0 0 0 1 1 1 1 1 0 1 1 0 1 0 0 0 0 1 1 1 1 1 1 1 1 0 0 0 0 
0 0 1 0 0 1 1 0 1 1 1 1 0 1 0 0 1 1 0 1 0 0 0 0 0 0 1 1 1 1 1 1 0 0 1 
1 1 1 1 0 0 0 1 0 1 1 1 1 0 0 1 0 0 1 0 0 1 0 1 0 1 1 1 1 0 1 1 0 0 0 
0 1 1 0 0 0 0 0 1 1 0 1 1 1 0 0 0 1 0 1 1 0 1 1 1 0 1 1 0 0 0 0 0 0 1 
1 1 1 1 1 0 1 1 1 1 1 0 1 1 1 1 0 1 0 0 1 0 1 0 1 1 0 1 1 0 0 0 0 1 0 
1 1 0 0 1 0 0 1 0 0 0 0 0 1 1 0 1 1 1 0 0 1 0 1 1 0 0 1 1 1 0 1 1 1 1 
1 0 1 1 0 1 0 1 1 1 0 1 0 1 0 1 0 1 0 0 0 1 1 0 1 1 0 0 0 1 1 1 0 1 0 
0 1 1 0 1 1 0 1 0 1 1 0 0 0 1 0 1 0 1 0 0 0 0 1 1 0 0 0 1 1 1 0 0 0 0 
1 1 0 1 0 1 1 1 1 0 1 0 1 1 1 1 0 1 0 0 1 1 0 1 1 1 0 1 0 0 1 0 1 0 0 
1 1 0 0 0 1 0 0 0 1 0 1 0 0 1 0 1 0 1 0 1 0 0 1 0 1 0 0 0 0 0 0 0 1 0 
0 1 1 1 0 1 1 1 0 0 1 0 1 0 0 0 0 0 0 1 0 0 0 0 0 0 0 1 0 0 0 0 1 0 1 
1 0 1 1 0 0 1 0 1 0 0 0 1 1 0 0 0 1 1 0 1 1 0 0 1 0 1 1 0 0 1 1 1 1 0 
0 0 0 1 0 0 1 1 0 0 0 1 0 0 1 1 0 1 0 0 1 1 1 1 0 1 0 1 0 0 0 1 0 0 1 
1 1 1 1 1 1 0 0 1 0 0 0 1 1 0 1 0 0 0 0 0 1 1 1 0 0 1 1 0 1 0 1 0 0 0 
0 1 1 0 0 1 0 1 0 1 0 1 1 0 1 0 1 1 1 0 0 1 1 1 1 1 0 0 0 1 1 0 1 1 0 
1 1 0 1 1 0 0 0 0 1 0 0 1 1 1 1 1 1 0 0 1 0 0 1 1 1 1 0 1 0 0 0 1 1 0 
0 0 0 1 0 1 0 0 1 1 0 1 0 1 0 1 0 1 1 0 0 1 0 1 1 1 1 0 0 1 1 0 1 1 1 
1 1 0 1 0 0 1 0 1 1 1 1 1 0 0 0 0 0 0 0 1 0 1 0 1 1 1 0 0 1 0 0 1 1 0 
0 1 1 1 0 1 1 0 1 1 1 1 1 1 1 0 0 1 0 1 1 1 1 0 0 0 0 1 1 1 1 1 1 1 1 
0 1 0 1 1 0 0 0 0 1 1 1 0 1 1 0 1 0 0 0 0 0 0 0 1 0 0 1 1 0 1 1 0 1 1 
0 1 1 1 1 1 1 1 1 1 1 0 0 0 1 1 1 0 0 0 0 0 1 1 0 1 1 1 0 1 0 1 0 1 0 
0 1 1 0 0 0 0 1 1 1 1 1 0 0 0 1 1 1 0 0 1 0 0 1 0 1 0 1 1 0 1 1 0 0 1 
0 1 0 0 1 0 1 0 0 0 1 1 0 0 1 1 0 0 0 0 1 1 1 0 0 0 0 1 1 1 1 1 0 1 1 
1 0 0 0 1 1 0 1 1 0 0 0 0 0 1 0 0 1 0 1 1 0 0 1 1 1 1 1 0 0 0 0 1 0 1 
1 0 0 1 1 0 0 0 1 0 0 0 0 1 1 1 0 0 1 0 1 0 0 1 1 1 1 1 1 1 0 1 0 1 0 
0 1 0 0 1 1 0 1 0 0 1 0 1 0 1 0 0 0 0 1 0 1 0 0 0 1 0 1 1 0 1 1 1 0 1 
35
1 1 1 1 0 1 1 0 1 1 0 1 0 1 1 1 0 1 1 1 0 0 1 1 1 0 0 0 0 1 1 0 1 0 0 
1 1 0 0 0 0 1 1 0 1 1 1 0 1 0 1 1 0 1 1 0 1 1 0 0 1 1 1 1 1 1 0 1 1 0 
1 0 1 1 1 1 1 1 1 0 1 1 1 1 1 1 0 1 0 0 1 0 1 0 0 1 1 0 1 0 0 0 1 1 0 
1 0 1 1 1 0 0 1 0 0 1 1 1 1 1 0 1 1 1 1 0 1 0 1 1 1 0 0 0 0 1 1 0 0 1 
0 0 1 1 1 1 1 1 1 1 1 0 1 1 0 0 1 1 1 1 1 0 1 0 1 1 0 0 0 0 1 1 1 1 1 
1 0 1 0 1 1 1 0 0 1 1 1 1 1 0 0 1 0 0 1 1 1 1 1 0 1 0 1 0 1 1 0 0 0 0 
1 1 1 0 1 1 1 0 0 1 1 1 1 0 0 0 1 0 1 0 1 0 1 1 1 0 1 1 1 1 1 0 0 0 0 
0 1 1 1 1 0 0 1 1 0 0 0 1 1 1 1 1 0 1 0 0 1 0 0 0 1 1 0 1 1 1 1 0 1 0 
1 0 1 0 1 0 0 1 1 1 1 0 1 1 1 0 0 0 0 1 1 1 1 1 1 1 0 1 1 0 1 1 1 0 0 
1 1 0 0 1 1 1 0 1 1 1 0 1 0 1 0 1 1 0 0 0 1 1 0 0 1 0 0 0 0 0 1 0 1 0 
0 1 1 1 1 1 1 0 1 1 1 1 0 1 0 1 0 1 0 0 1 0 0 1 1 0 0 0 0 0 1 1 1 0 0 
1 1 1 1 0 1 1 0 0 0 1 1 0 1 1 1 1 0 1 0 0 1 1 1 1 1 1 1 1 1 1 1 1 1 1 
0 0 1 1 1 1 1 1 1 1 0 0 1 1 1 1 0 0 0 1 0 1 0 1 1 0 1 1 0 0 1 1 0 1 0 
1 1 1 1 1 1 0 1 1 0 1 1 1 1 0 0 0 1 1 0 1 1 1 1 1 1 1 1 1 1 1 1 1 0 0 
1 0 1 1 0 0 0 1 1 1 0 1 1 0 1 1 1 1 0 0 0 0 1 0 1 0 0 1 1 1 1 1 0 1 0 
1 1 1 0 0 0 0 1 0 0 1 1 1 0 1 1 1 1 1 0 1 1 1 0 0 0 0 1 1 1 1 1 1 1 0 
0 1 0 1 1 1 1 1 0 1 0 1 0 0 1 1 1 1 1 1 0 1 1 0 0 1 1 1 1 0 1 0 0 1 0 
1 0 1 1 1 0 0 0 0 1 1 0 0 1 1 1 1 1 1 0 0 1 0 0 1 1 1 1 1 0 0 0 1 1 0 
1 1 0 1 1 0 1 1 0 0 0 1 0 1 0 1 1 1 1 0 1 0 1 1 1 0 1 0 0 0 0 0 1 0 0 
1 1 0 1 1 1 0 0 1 0 0 0 1 0 0 0 1 0 0 1 0 0 0 0 0 0 0 1 1 1 1 1 0 1 1 
0 0 1 0 1 1 1 0 1 0 1 0 0 1 0 1 0 0 1 0 1 1 0 1 1 1 1 1 1 0 0 1 0 0 0 
0 1 0 1 0 1 0 1 1 1 0 1 1 1 0 1 1 1 0 0 1 1 1 1 1 1 0 0 1 0 1 0 1 1 1 
1 1 1 0 1 1 1 0 1 1 0 1 0 1 1 1 1 0 1 0 0 1 1 1 1 1 1 1 1 1 1 0 1 1 1 
1 0 0 1 0 1 1 0 1 0 1 1 1 1 0 0 0 0 1 0 1 1 1 1 1 1 1 0 0 1 1 0 1 1 1 
1 0 0 1 1 0 1 0 1 0 1 1 1 1 1 0 0 1 1 0 1 1 1 1 1 1 1 0 0 1 0 1 1 0 1 
0 1 1 1 1 1 0 1 1 1 0 1 0 1 0 0 1 1 0 0 1 1 1 1 1 1 1 0 1 1 1 0 1 0 1 
0 1 1 0 0 0 1 1 0 0 0 1 1 1 0 0 1 1 1 0 1 0 1 1 1 1 1 1 1 0 1 1 0 0 1 
0 1 0 0 0 1 1 0 1 0 0 1 1 1 1 1 1 1 0 1 1 0 1 0 0 0 1 1 0 0 1 1 0 1 0 
0 1 1 0 0 0 1 1 1 0 0 1 0 1 1 1 1 1 0 1 1 1 1 0 0 1 1 0 1 1 1 1 1 1 1 
1 1 0 0 0 1 1 1 0 0 0 1 0 1 1 1 0 0 0 1 0 0 1 1 1 1 0 0 1 1 1 0 0 1 1 
1 1 0 1 1 1 1 1 1 0 1 1 1 1 1 1 1 0 0 1 0 1 1 1 0 1 1 1 1 1 1 0 1 0 1 
0 0 0 1 1 0 0 1 1 1 1 1 1 1 1 1 0 0 0 1 1 0 0 0 1 0 1 1 1 0 0 1 0 1 1 
1 1 1 0 1 0 0 0 1 0 1 1 0 1 0 1 0 1 1 0 0 1 1 1 1 1 0 0 1 0 1 0 1 0 0 
0 1 1 0 1 0 0 1 0 1 0 1 1 0 1 1 1 1 0 1 0 1 1 1 0 0 0 1 1 1 0 1 0 1 0 
0 0 0 1 1 0 0 0 0 0 0 1 0 0 0 0 0 0 0 1 0 1 1 1 1 1 1 0 1 1 1 1 0 0 1 
35
1 1 1 1 0 1 0 1 1 1 0 1 1 1 1 1 1 1 0 0 1 0 1 1 1 0 1 1 1 0 1 1 0 1 1 
1 1 0 1 1 0 0 1 0 1 1 1 1 0 1 0 1 1 1 0 1 1 1 1 0 1 1 1 1 1 1 1 1 1 1 
1 0 1 1 1 1 1 1 1 1 1 1 0 1 1 1 0 1 1 1 1 1 1 1 0 0 0 0 1 1 1 1 0 0 1 
1 1 1 1 1 1 1 1 1 1 1 1 1 0 1 1 0 1 1 1 1 1 1 0 1 0 0 1 0 0 0 1 1 1 1 
0 1 1 1 1 1 1 0 1 0 0 1 1 0 1 1 0 1 1 1 1 1 1 1 1 1 1 1 1 1 1 1 1 1 1 
1 0 1 1 1 1 1 0 1 0 1 0 1 0 0 1 1 1 0 1 1 0 0 1 1 1 0 0 1 1 1 1 1 1 1 
0 0 1 1 1 1 1 1 0 0 0 1 1 1 0 1 0 1 0 1 1 1 1 1 1 0 1 0 0 1 1 1 1 1 0 
1 1 1 1 0 0 1 1 0 1 1 1 0 0 0 1 1 1 1 1 0 0 1 1 1 1 0 1 0 1 1 1 1 1 0 
1 0 1 1 1 1 0 0 1 1 1 1 0 0 0 1 1 0 1 0 0 1 0 1 1 0 1 1 0 0 0 1 0 1 1 
1 1 1 1 0 0 0 1 1 1 1 1 1 1 0 1 1 1 1 1 1 1 0 1 1 1 1 1 0 0 1 1 1 1 0 
0 1 1 1 0 1 0 1 1 1 1 0 1 1 1 0 1 1 1 0 1 1 1 1 1 1 0 0 1 1 1 1 0 1 1 
1 1 1 1 1 0 1 1 1 1 0 1 0 1 0 1 1 1 1 0 1 1 1 1 1 1 1 1 1 0 0 1 1 1 1 
1 1 0 1 1 1 1 0 0 1 1 0 1 0 0 1 1 1 0 1 0 1 1 1 1 1 1 1 1 1 0 1 1 0 0 
1 0 1 0 0 0 1 0 0 1 1 1 0 1 1 1 1 1 1 1 0 1 0 0 1 0 1 1 1 1 0 0 0 0 1 
1 1 1 1 1 0 0 0 0 0 1 0 0 1 1 1 1 1 0 1 1 1 1 1 1 0 1 1 1 1 0 1 0 0 0 
1 0 1 1 1 1 1 1 1 1 0 1 1 1 1 1 0 1 1 1 1 1 1 1 1 1 1 1 1 1 1 0 1 1 0 
1 1 0 0 0 1 0 1 1 1 1 1 1 1 1 0 1 1 1 1 1 1 0 1 0 0 1 1 0 1 1 0 1 0 0 
1 1 1 1 1 1 1 1 0 1 1 1 1 1 1 1 1 1 1 0 1 0 1 1 0 0 1 1 0 1 1 1 1 0 1 
0 1 1 1 1 0 0 1 1 1 1 1 0 1 0 1 1 1 1 0 1 0 1 0 1 0 1 1 1 1 0 1 1 1 1 
0 0 1 1 1 1 1 1 0 1 0 0 1 1 1 1 1 0 0 1 0 1 1 0 0 1 1 0 1 1 1 1 1 0 0 
1 1 1 1 1 1 1 0 0 1 1 1 0 0 1 1 1 1 1 0 1 0 1 1 1 0 1 0 1 1 1 1 0 0 1 
0 1 1 1 1 0 1 0 1 1 1 1 1 1 1 1 1 0 0 1 0 1 1 0 1 1 0 1 1 1 1 1 1 0 1 
1 1 1 1 1 0 1 1 0 0 1 1 1 0 1 1 0 1 1 1 1 1 1 1 1 1 0 1 1 1 1 0 1 0 0 
1 1 1 0 1 1 1 1 1 1 1 1 1 0 1 1 1 1 0 0 1 0 1 1 1 1 1 0 1 1 1 0 1 1 1 
1 0 0 1 1 1 1 1 1 1 1 1 1 1 1 1 0 0 1 0 1 1 1 1 1 1 1 0 1 0 1 0 0 0 1 
0 1 0 0 1 1 0 1 0 1 1 1 1 0 0 1 0 0 0 1 0 1 1 1 1 1 1 0 1 1 1 1 1 0 1 
1 1 0 0 1 0 1 0 1 1 0 1 1 1 1 1 1 1 1 1 1 0 0 1 1 1 1 1 1 1 0 1 1 1 1 
1 1 0 1 1 0 0 1 1 1 0 1 1 1 1 1 1 1 1 0 0 1 1 0 0 0 1 1 0 1 0 0 0 0 1 
1 1 1 0 1 1 0 0 0 0 1 1 1 1 1 1 0 0 1 1 1 1 1 1 1 1 1 0 1 1 1 1 1 1 1 
0 1 1 0 1 1 1 1 0 0 1 0 1 1 1 1 1 1 1 1 1 1 1 1 0 1 1 1 1 1 0 1 0 0 0 
1 1 1 0 1 1 1 1 0 1 1 0 0 0 0 1 1 1 0 1 1 1 1 1 1 1 0 0 1 0 1 1 1 1 0 
1 1 1 1 1 1 1 1 1 1 1 1 1 0 1 0 0 1 1 1 1 1 0 0 0 1 1 0 1 1 1 1 1 0 0 
0 1 0 1 1 1 1 1 0 1 0 1 1 0 0 1 1 1 1 1 0 1 1 1 0 1 1 0 1 0 1 1 1 1 1 
1 1 0 1 1 1 1 1 1 1 1 1 0 0 0 1 0 0 1 0 0 0 0 1 0 0 1 0 1 0 1 0 1 1 0 
1 1 1 1 1 1 0 0 1 0 1 1 0 1 0 0 0 1 1 0 1 1 0 1 1 1 1 1 1 0 0 0 1 0 1 
40
1 0 0 0 0 0 0 1 0 0 0 0 0 0 1 0 0 1 1 0 0 0 0 1 0 1 0 0 0 0 0 0 0 0 0 0 0 0 0 0 
0 1 0 0 0 0 1 0 0 0 0 0 0 1 0 0 0 0 1 1 1 0 0 0 0 0 1 0 0 0 0 0 0 0 0 0 0 0 0 0 
0 0 1 1 0 0 0 1 0 0 0 1 0 0 1 0 0 1 1 1 0 0 0 0 0 0 0 1 0 1 0 0 0 0 0 1 0 0 1 0 
0 0 1 1 1 0 1 0 0 0 0 0 1 0 1 0 0 0 1 0 0 0 0 0 0 0 0 0 1 0 0 0 0 0 0 1 0 0 0 1 
0 0 0 1 1 0 1 0 0 1 0 0 1 0 0 0 0 0 1 0 0 0 0 1 1 1 1 0 0 0 0 1 0 1 1 1 0 0 0 1 
0 0 0 0 0 1 1 0 0 0 0 1 0 1 1 1 0 1 0 0 0 1 0 0 0 0 1 0 0 0 1 0 1 0 1 0 0 0 1 0 
0 1 0 1 1 1 1 1 0 1 1 0 0 0 0 0 0 1 0 0 0 1 0 1 1 0 0 0 0 0 0 0 1 0 0 0 0 1 1 0 
1 0 1 0 0 0 1 1 0 0 0 0 0 0 1 0 1 1 0 1 0 1 0 1 0 1 1 1 0 1 0 0 0 0 0 0 0 1 0 0 
0 0 0 0 0 0 0 0 1 0 0 0 0 0 1 0 1 1 1 0 1 0 0 0 0 0 1 1 0 1 0 1 0 0 0 0 0 0 0 1 
0 0 0 0 1 0 1 0 0 1 0 0 1 0 1 0 0 0 0 1 1 1 0 1 0 1 1 0 1 0 0 1 1 0 0 1 0 0 1 0 
0 0 0 0 0 0 1 0 0 0 1 0 0 0 0 1 0 0 1 0 1 1 1 0 0 1 0 1 1 0 0 0 1 0 1 0 0 1 0 0 
0 0 1 0 0 1 0 0 0 0 0 1 1 1 0 0 0 0 0 1 1 1 0 0 0 1 0 1 0 1 0 0 1 0 0 1 0 0 0 0 
0 0 0 1 1 0 0 0 0 1 0 1 1 0 0 0 0 1 0 0 0 1 1 0 0 0 1 1 0 0 1 0 1 0 1 1 1 0 0 0 
0 1 0 0 0 1 0 0 0 0 0 1 0 1 0 1 0 1 0 0 0 0 0 0 0 0 0 0 0 1 0 0 1 0 0 1 1 0 0 1 
1 0 1 1 0 1 0 1 1 1 0 0 0 0 1 0 1 0 0 0 0 1 1 1 0 0 0 1 1 0 0 0 0 1 0 1 0 0 0 1 
0 0 0 0 0 1 0 0 0 0 1 0 0 1 0 1 1 1 0 0 0 0 0 1 0 0 1 0 0 0 0 0 1 0 0 0 1 0 0 0 
0 0 0 0 0 0 0 1 1 0 0 0 0 0 1 1 1 0 0 0 0 0 1 0 1 0 0 1 0 1 0 0 0 0 0 0 0 1 0 0 
1 0 1 0 0 1 1 1 1 0 0 0 1 1 0 1 0 1 0 1 1 0 0 1 1 0 0 0 0 1 0 1 0 0 0 0 0 1 0 0 
1 1 1 1 1 0 0 0 1 0 1 0 0 0 0 0 0 0 1 0 0 0 1 0 1 0 1 0 0 0 0 0 0 0 0 0 0 0 0 0 
0 1 1 0 0 0 0 1 0 1 0 1 0 0 0 0 0 1 0 1 0 0 1 0 0 0 0 1 1 0 0 0 0 1 1 0 0 0 0 1 
0 1 0 0 0 0 0 0 1 1 1 1 0 0 0 0 0 1 0 0 1 1 0 1 0 1 1 0 0 1 0 0 0 0 0 0 0 1 0 0 
0 0 0 0 0 1 1 1 0 1 1 1 1 0 1 0 0 0 0 0 1 1 0 0 0 1 0 0 0 0 0 0 0 0 1 0 0 0 0 1 
0 0 0 0 0 0 0 0 0 0 1 0 1 0 1 0 1 0 1 1 0 0 1 0 0 1 0 1 0 0 0 0 1 0 1 0 0 1 0 1 
1 0 0 0 1 0 1 1 0 1 0 0 0 0 1 1 0 1 0 0 1 0 0 1 0 0 1 0 0 0 0 0 0 1 0 0 0 0 0 1 
0 0 0 0 1 0 1 0 0 0 0 0 0 0 0 0 1 1 1 0 0 0 0 0 1 0 1 1 0 0 1 0 1 0 0 1 0 0 0 1 
1 0 0 0 1 0 0 1 0 1 1 1 0 0 0 0 0 0 0 0 1 1 1 0 0 1 0 0 0 0 0 1 1 0 1 0 0 0 1 1 
0 1 0 0 1 1 0 1 1 1 0 0 1 0 0 1 0 0 1 0 1 0 0 1 1 0 1 0 0 1 0 0 0 0 0 0 0 1 0 0 
0 0 1 0 0 0 0 1 1 0 1 1 1 0 1 0 1 0 0 1 0 0 1 0 1 0 0 1 1 0 0 1 1 0 0 0 0 0 0 1 
0 0 0 1 0 0 0 0 0 1 1 0 0 0 1 0 0 0 0 1 0 0 0 0 0 0 0 1 1 0 1 0 0 1 0 1 0 0 0 0 
0 0 1 0 0 0 0 1 1 0 0 1 0 1 0 0 1 1 0 0 1 0 0 0 0 0 1 0 0 1 0 0 1 0 0 0 0 0 0 0 
0 0 0 0 0 1 0 0 0 0 0 0 1 0 0 0 0 0 0 0 0 0 0 0 1 0 0 0 1 0 1 0 0 0 0 0 0 0 0 0 
0 0 0 0 1 0 0 0 1 1 0 0 0 0 0 0 0 1 0 0 0 0 0 0 0 1 0 1 0 0 0 1 0 0 1 0 1 1 1 1 
0 0 0 0 0 1 1 0 0 1 1 1 1 1 0 1 0 0 0 0 0 0 1 0 1 1 0 1 0 1 0 0 1 1 0 0 1 1 1 0 
0 0 0 0 1 0 0 0 0 0 0 0 0 0 1 0 0 0 0 1 0 0 0 1 0 0 0 0 1 0 0 0 1 1 1 1 1 1 0 0 
0 0 0 0 1 1 0 0 0 0 1 0 1 0 0 0 0 0 0 1 0 1 1 0 0 1 0 0 0 0 0 1 0 1 1 1 0 0 1 1 
0 0 1 1 1 0 0 0 0 1 0 1 1 1 1 0 0 0 0 0 0 0 0 0 1 0 0 0 1 0 0 0 0 1 1 1 0 0 0 0 
0 0 0 0 0 0 0 0 0 0 0 0 1 1 0 1 0 0 0 0 0 0 0 0 0 0 0 0 0 0 0 1 1 1 0 0 1 0 0 0 
0 0 0 0 0 0 1 1 0 0 1 0 0 0 0 0 1 1 0 0 1 0 1 0 0 0 1 0 0 0 0 1 1 1 0 0 0 1 0 0 
0 0 1 0 0 1 1 0 0 1 0 0 0 0 0 0 0 0 0 0 0 0 0 0 0 1 0 0 0 0 0 1 1 0 1 0 0 0 1 0 
0 0 0 1 1 0 0 0 1 0 0 0 0 1 1 0 0 0 0 1 0 1 1 1 1 1 0 1 0 0 0 1 0 0 1 0 0 0 0 1 
40
1 0 0 0 1 1 1 1 0 1 0 1 0 0 0 0 1 0 1 0 1 0 0 1 0 1 0 0 0 1 1 0 0 0 1 0 0 0 0 1 
0 1 0 0 1 0 0 1 1 1 0 0 1 1 0 0 0 0 1 1 1 1 1 1 0 1 0 0 0 0 0 0 0 0 0 1 1 0 1 0 
0 0 1 1 0 0 0 1 0 0 1 0 1 0 1 1 1 1 0 1 0 1 0 1 0 1 0 1 0 0 0 0 1 0 1 0 0 1 0 1 
0 0 1 1 1 1 1 0 1 0 1 1 0 1 0 1 1 1 1 0 1 1 0 1 0 1 0 0 0 0 1 0 1 0 0 0 1 0 0 0 
1 1 0 1 1 0 0 0 1 0 1 1 0 0 1 0 0 0 1 0 1 0 0 1 1 0 0 0 0 0 0 1 0 0 1 0 0 1 1 0 
1 0 0 1 0 1 1 1 1 1 0 0 1 1 1 1 0 1 0 0 1 0 1 0 1 0 0 1 1 0 1 0 0 0 1 0 1 0 1 1 
1 0 0 1 0 1 1 0 1 0 0 1 0 0 0 1 0 1 1 1 0 0 1 1 0 0 1 0 0 0 0 1 0 0 1 0 1 0 0 1 
1 1 1 0 0 1 0 1 0 1 0 0 1 1 0 1 0 1 1 0 0 0 1 0 0 0 0 0 1 1 0 0 0 1 0 0 1 0 0 0 
0 1 0 1 1 1 1 0 1 0 1 1 0 1 1 0 0 0 1 0 1 0 0 0 0 1 1 0 0 0 0 1 0 1 0 1 0 1 0 0 
1 1 0 0 0 1 0 1 0 1 0 0 0 1 0 0 0 1 0 0 1 0 1 1 1 1 1 0 0 0 1 1 0 1 1 0 1 1 1 0 
0 0 1 1 1 0 0 0 1 0 1 1 0 1 1 0 0 0 0 0 0 0 0 1 1 0 0 1 0 0 0 0 0 0 0 0 1 1 1 1 
1 0 0 1 1 0 1 0 1 0 1 1 1 0 0 0 0 1 0 0 0 1 0 0 1 0 1 0 0 0 0 1 0 0 1 0 0 0 0 0 
0 1 1 0 0 1 0 1 0 0 0 1 1 0 0 0 1 0 1 0 0 0 0 0 0 0 1 1 1 0 1 1 1 0 0 0 1 1 0 0 
0 1 0 1 0 1 0 1 1 1 1 0 0 1 0 0 1 0 1 1 1 0 1 1 0 1 1 0 0 0 0 1 0 0 0 0 0 0 0 1 
0 0 1 0 1 1 0 0 1 0 1 0 0 0 1 1 0 0 0 1 1 0 0 0 1 0 0 0 1 0 0 1 0 1 1 1 0 0 0 0 
0 0 1 1 0 1 1 1 0 0 0 0 0 0 1 1 1 1 0 1 0 1 1 0 0 1 0 0 0 0 0 0 0 1 1 0 1 1 0 1 
1 0 1 1 0 0 0 0 0 0 0 0 1 1 0 1 1 0 0 0 0 0 1 1 0 0 0 1 0 0 0 0 0 1 0 0 1 0 0 0 
0 0 1 1 0 1 1 1 0 1 0 1 0 0 0 1 0 1 0 1 0 1 0 0 0 0 1 0 0 0 0 1 1 1 1 0 1 1 0 0 
1 1 0 1 1 0 1 1 1 0 0 0 1 1 0 0 0 0 1 0 1 0 0 0 0 0 0 0 0 0 1 1 0 1 1 0 0 0 0 0 
0 1 1 0 0 0 1 0 0 0 0 0 0 1 1 1 0 1 0 1 1 0 1 1 0 1 1 1 0 0 1 0 0 1 0 0 0 0 1 0 
1 1 0 1 1 1 0 0 1 1 0 0 0 1 1 0 0 0 1 1 1 0 1 0 0 0 0 0 1 1 1 0 0 0 0 1 0 0 0 0 
0 1 1 1 0 0 0 0 0 0 0 1 0 0 0 1 0 1 0 0 0 1 1 1 1 0 0 1 1 0 0 1 0 1 0 0 0 1 0 1 
0 1 0 0 0 1 1 1 0 1 0 0 0 1 0 1 1 0 0 1 1 1 1 1 1 1 1 1 0 0 1 0 1 0 0 0 0 0 1 0 
1 1 1 1 1 0 1 0 0 1 1 0 0 1 0 0 1 0 0 1 0 1 1 1 0 1 0 1 0 1 0 0 0 1 0 0 0 1 0 0 
0 0 0 0 1 1 0 0 0 1 1 1 0 0 1 0 0 0 0 0 0 1 1 0 1 0 0 0 1 0 1 0 1 0 1 1 0 0 1 0 
1 1 1 1 0 0 0 0 1 1 0 0 0 1 0 1 0 0 0 1 0 0 1 1 0 1 0 1 0 1 0 0 1 0 0 1 0 0 0 0 
0 0 0 0 0 0 1 0 1 1 0 1 1 1 0 0 0 1 0 1 0 0 1 0 0 0 1 0 0 1 0 1 0 0 1 0 0 0 1 1 
0 0 1 0 0 1 0 0 0 0 1 0 1 0 0 0 1 0 0 1 0 1 1 1 0 1 0 1 1 0 1 0 0 0 1 1 0 1 0 0 
0 0 0 0 0 1 0 1 0 0 0 0 1 0 1 0 0 0 0 0 1 1 0 0 1 0 0 1 1 1 0 0 0 0 0 0 1 1 1 0 
1 0 0 0 0 0 0 1 0 0 0 0 0 0 0 0 0 0 0 0 1 0 0 1 0 1 1 0 1 1 0 0 0 0 1 0 0 1 0 1 
1 0 0 1 0 1 0 0 0 1 0 0 1 0 0 0 0 0 1 1 1 0 1 0 1 0 0 1 0 0 1 0 1 1 0 1 0 0 1 0 
0 0 0 0 1 0 1 0 1 1 0 1 1 1 1 0 0 1 1 0 0 1 0 0 0 0 1 0 0 0 0 1 1 1 1 0 0 0 1 0 
0 0 1 1 0 0 0 0 0 0 0 0 1 0 0 0 0 1 0 0 0 0 1 0 1 1 0 0 0 0 1 1 1 1 0 1 0 1 1 0 
0 0 0 0 0 0 0 1 1 1 0 0 0 0 1 1 1 1 1 1 0 1 0 1 0 0 0 0 0 0 1 1 1 1 0 0 0 1 0 0 
1 0 1 0 1 1 1 0 0 1 0 1 0 0 1 1 0 1 1 0 0 0 0 0 1 0 1 1 0 1 0 1 0 0 1 1 0 0 1 0 
0 1 0 0 0 0 0 0 1 0 0 0 0 0 1 0 0 0 0 0 1 0 0 0 1 1 0 1 0 0 1 0 1 0 1 1 0 0 0 0 
0 1 0 1 0 1 1 1 0 1 1 0 1 0 0 1 1 1 0 0 0 0 0 0 0 0 0 0 1 0 0 0 0 0 0 0 1 0 0 0 
0 0 1 0 1 0 0 0 1 1 1 0 1 0 0 1 0 1 0 0 0 1 0 1 0 0 0 1 1 1 0 0 1 1 0 0 0 1 0 1 
0 1 0 0 1 1 0 0 0 1 1 0 0 0 0 0 0 0 0 1 0 0 1 0 1 0 1 0 1 0 1 1 1 0 1 0 0 0 1 0 
1 0 1 0 0 1 1 0 0 0 1 0 0 1 0 1 0 0 0 0 0 1 0 0 0 0 1 0 0 1 0 0 0 0 0 0 0 1 0 1 
40
1 0 1 1 1 1 1 0 1 0 1 0 0 0 0 1 1 0 1 0 1 0 1 1 0 1 0 1 0 1 1 0 1 0 0 1 1 0 1 0 
0 1 1 1 1 0 1 0 0 0 0 0 0 1 1 1 1 0 1 1 0 0 0 0 0 0 1 1 1 0 1 0 1 0 1 1 1 0 0 1 
1 1 1 0 0 1 1 1 0 0 0 1 1 1 0 1 1 1 0 0 1 1 0 1 0 0 0 1 0 1 1 0 1 0 0 0 0 0 1 1 
1 1 0 1 0 1 1 0 0 1 0 1 0 0 0 1 0 0 1 1 1 1 1 1 0 0 0 1 0 0 0 1 1 0 1 1 0 1 0 1 
1 1 0 0 1 1 0 1 1 1 1 0 0 0 1 0 0 0 0 1 1 1 0 1 0 0 1 1 1 1 1 1 1 1 0 1 1 0 1 0 
1 0 1 1 1 1 1 1 1 0 0 0 1 1 0 1 1 1 0 1 1 1 1 0 1 0 0 0 0 0 1 0 1 1 1 1 0 0 0 1 
1 1 1 1 0 1 1 0 0 1 0 1 1 0 1 0 1 0 1 1 0 0 1 0 0 0 1 0 1 0 1 1 0 0 0 0 0 0 1 0 
0 0 1 0 1 1 0 1 1 1 1 1 0 1 1 1 1 0 0 1 0 0 0 0 0 1 1 0 0 1 0 1 0 0 0 1 0 0 0 1 
1 0 0 0 1 1 0 1 1 1 0 0 1 0 1 0 0 0 0 1 0 0 1 0 0 1 1 0 1 1 0 1 0 0 1 0 0 1 1 0 
0 0 0 1 1 0 1 1 1 1 0 0 1 0 1 1 0 0 1 1 0 0 1 1 1 0 0 1 0 1 1 1 1 0 0 1 1 1 1 1 
1 0 0 0 1 0 0 1 0 0 1 1 1 0 0 0 0 1 0 1 1 0 1 0 0 0 0 1 1 0 1 0 1 0 0 0 1 1 0 1 
0 0 1 1 0 0 1 1 0 0 1 1 0 1 0 1 1 1 1 1 0 1 0 0 0 1 0 0 0 0 1 0 1 1 1 0 1 1 1 1 
0 0 1 0 0 1 1 0 1 1 1 0 1 0 1 0 0 0 0 1 1 1 1 0 1 1 0 1 1 0 1 1 0 0 0 1 1 0 0 1 
0 1 1 0 0 1 0 1 0 0 0 1 0 1 0 1 1 0 0 0 1 0 1 1 1 1 0 0 1 1 0 1 1 1 1 0 1 0 1 0 
0 1 0 0 1 0 1 1 1 1 0 0 1 0 1 0 0 1 0 0 0 0 1 0 1 0 1 1 0 1 0 1 0 1 0 1 1 1 0 0 
1 1 1 1 0 1 0 1 0 1 0 1 0 1 0 1 1 1 0 0 0 1 1 1 1 1 0 0 1 1 0 0 0 0 0 1 0 1 0 0 
1 1 1 0 0 1 1 1 0 0 0 1 0 1 0 1 1 0 1 0 0 1 0 0 0 0 1 1 1 0 0 1 0 0 1 0 0 0 0 1 
0 0 1 0 0 1 0 0 0 0 1 1 0 0 1 1 0 1 1 0 0 1 0 1 0 1 0 0 1 0 1 0 0 0 0 0 1 0 0 0 
1 1 0 1 0 0 1 0 0 1 0 1 0 0 0 0 1 1 1 1 0 0 0 0 1 0 1 0 1 0 1 0 1 1 1 1 0 1 1 1 
0 1 0 1 1 1 1 1 1 1 1 1 1 0 0 0 0 0 1 1 1 0 0 1 0 0 0 1 1 0 1 0 0 0 0 0 0 0 0 0 
1 0 1 1 1 1 0 0 0 0 1 0 1 1 0 0 0 0 0 1 1 1 0 0 1 0 1 1 1 0 1 0 0 0 0 0 1 0 1 0 
0 0 1 1 1 1 0 0 0 0 0 1 1 0 0 1 1 1 0 0 1 1 1 1 1 1 1 0 1 0 1 1 1 1 1 1 0 0 1 1 
1 0 0 1 0 1 1 0 1 1 1 0 1 1 1 1 0 0 0 0 0 1 1 0 1 0 1 0 0 1 0 1 1 1 1 0 0 0 0 1 
1 0 1 1 1 0 0 0 0 1 0 0 0 1 0 1 0 1 0 1 0 1 0 1 0 0 1 0 1 0 0 1 1 0 0 0 1 0 1 0 
0 0 0 0 0 1 0 0 0 1 0 0 1 1 1 1 0 0 1 0 1 1 1 0 1 0 0 1 1 0 0 0 0 0 1 0 1 0 1 1 
1 0 0 0 0 0 0 1 1 0 0 1 1 1 0 1 0 1 0 0 0 1 0 0 0 1 1 1 0 0 0 0 0 0 1 1 0 1 1 0 
0 1 0 0 1 0 1 1 1 0 0 0 0 0 1 0 1 0 1 0 1 1 1 1 0 1 1 1 1 0 0 0 0 0 0 1 1 0 0 1 
1 1 1 1 1 0 0 0 0 1 1 0 1 0 1 0 1 0 0 1 1 0 0 0 1 1 1 1 1 0 1 1 1 0 0 0 1 1 0 0 
0 1 0 0 1 0 1 0 1 0 1 0 1 1 0 1 1 1 1 1 1 1 0 1 1 0 1 1 1 1 0 0 0 0 0 0 1 1 1 0 
1 0 1 0 1 0 0 1 1 1 0 0 0 1 1 1 0 0 0 0 0 0 1 0 0 0 0 0 1 1 1 1 1 0 1 0 1 1 0 1 
1 1 1 0 1 1 1 0 0 1 1 1 1 0 0 0 0 1 1 1 1 1 0 0 0 0 0 1 0 1 1 0 0 0 1 1 1 0 0 1 
0 0 0 1 1 0 1 1 1 1 0 0 1 1 1 0 1 0 0 0 0 1 1 1 0 0 0 1 0 1 0 1 0 0 0 0 1 0 0 1 
1 1 1 1 1 1 0 0 0 1 1 1 0 1 0 0 0 0 1 0 0 1 1 1 0 0 0 1 0 1 0 0 1 1 1 0 1 1 0 0 
0 0 0 0 1 1 0 0 0 0 0 1 0 1 1 0 0 0 1 0 0 1 1 0 0 0 0 0 0 0 0 0 1 1 0 0 1 0 1 0 
0 1 0 1 0 1 0 0 1 0 0 1 0 1 0 0 1 0 1 0 0 1 1 0 1 1 0 0 0 1 1 0 1 0 1 0 1 1 1 0 
1 1 0 1 1 1 0 1 0 1 0 0 1 0 1 1 0 0 1 0 0 1 0 0 0 1 1 0 0 0 1 0 0 0 0 1 1 0 1 0 
1 1 0 0 1 0 0 0 0 1 1 1 1 1 1 0 0 1 0 0 1 0 0 1 1 0 1 1 1 1 1 1 1 1 1 1 1 1 0 1 
0 0 0 1 0 0 0 0 1 1 1 1 0 0 1 1 0 0 1 0 0 0 0 0 0 1 0 1 1 1 0 0 1 0 1 0 1 1 1 0 
1 0 1 0 1 0 1 0 1 1 0 1 0 1 0 0 0 0 1 0 1 1 0 1 1 1 0 0 1 0 0 0 0 1 1 1 0 1 1 0 
0 1 1 1 0 1 0 1 0 1 1 1 1 0 0 0 1 0 1 0 0 1 1 0 1 0 1 0 0 1 1 1 0 0 0 0 1 0 0 1 
40
1 1 0 0 0 1 1 0 0 1 0 0 1 0 1 1 1 0 1 1 0 1 0 1 1 0 1 1 1 0 0 0 1 0 1 1 0 0 0 1 
1 1 0 1 1 0 1 1 0 1 0 1 0 1 1 1 1 0 0 1 1 0 1 1 0 1 1 1 1 0 1 1 1 1 1 0 1 0 1 1 
0 0 1 1 1 1 1 1 1 1 0 1 0 0 0 0 0 0 0 1 1 0 1 1 1 1 0 1 1 1 1 1 1 0 1 1 1 1 1 0 
0 1 1 1 0 1 0 1 1 1 1 1 1 1 0 1 1 0 1 1 0 1 1 1 1 0 0 0 1 1 0 0 0 0 0 1 1 1 1 1 
0 1 1 0 1 0 1 1 1 1 1 1 0 0 1 1 1 1 0 0 0 1 1 1 0 1 1 1 1 0 0 1 0 1 0 0 1 1 0 1 
1 0 1 1 0 1 0 1 0 0 0 1 1 0 0 1 1 1 0 1 0 0 0 0 1 1 1 1 1 1 1 0 1 1 1 1 1 1 1 1 
1 1 1 0 1 0 1 1 1 1 1 1 0 0 1 1 0 1 0 0 1 1 1 1 0 1 1 1 0 1 0 1 1 1 0 1 1 1 0 0 
0 1 1 1 1 1 1 1 1 1 0 1 1 1 0 0 1 1 1 0 1 0 1 1 1 0 1 0 0 0 1 1 0 0 0 1 1 1 1 1 
0 0 1 1 1 0 1 1 1 1 0 0 1 0 0 0 1 0 1 1 0 0 1 1 0 1 0 0 0 1 1 1 0 0 0 1 1 0 1 1 
1 1 1 1 1 0 1 1 1 1 0 1 1 1 0 1 1 1 0 0 1 1 0 0 1 0 1 1 1 1 1 0 1 1 1 1 0 1 0 1 
0 0 0 1 1 0 1 0 0 0 1 1 1 1 1 1 1 0 1 1 1 1 0 1 1 1 1 1 0 0 1 1 0 1 1 0 1 1 1 0 
0 1 1 1 1 1 1 1 0 1 1 1 0 0 1 1 0 1 1 1 1 1 1 1 0 1 0 1 0 1 1 0 1 1 1 1 0 1 1 1 
1 0 0 1 0 1 0 1 1 1 1 0 1 0 1 1 0 1 0 1 1 1 1 0 1 0 1 1 1 1 1 0 0 1 0 1 1 1 1 1 
0 1 0 1 0 0 0 1 0 1 1 0 0 1 1 0 1 0 1 1 1 1 1 1 1 1 1 1 1 0 1 0 1 1 1 1 1 1 1 1 
1 1 0 0 1 0 1 0 0 0 1 1 1 1 1 1 1 0 0 1 1 1 1 0 0 1 1 1 0 0 1 0 0 0 1 1 1 0 1 1 
1 1 0 1 1 1 1 0 0 1 1 1 1 0 1 1 0 0 1 0 1 1 1 1 1 1 1 0 0 1 1 1 1 0 1 1 1 1 0 1 
1 1 0 1 1 1 0 1 1 1 1 0 0 1 1 0 1 1 1 1 1 0 1 0 0 1 0 1 0 1 1 1 0 0 0 1 1 1 1 1 
0 0 0 0 1 1 1 1 0 1 0 1 1 0 0 0 1 1 1 0 0 0 0 1 1 0 1 1 1 1 1 1 0 1 0 0 1 0 0 1 
1 0 0 1 0 0 0 1 1 0 1 1 0 1 0 1 1 1 1 0 0 1 1 1 0 0 0 1 1 0 1 1 0 1 0 0 0 1 1 1 
1 1 1 1 0 1 0 0 1 0 1 1 1 1 1 0 1 0 0 1 1 0 1 1 1 0 0 1 1 0 0 1 1 1 1 1 1 1 0 0 
0 1 1 0 0 0 1 1 0 1 1 1 1 1 1 1 1 0 0 1 1 1 1 0 0 1 0 0 0 1 1 0 0 0 0 0 1 1 1 1 
1 0 0 1 1 0 1 0 0 1 1 1 1 1 1 1 0 0 1 0 1 1 0 1 1 1 1 0 1 0 0 1 0 1 0 0 0 1 0 1 
0 1 1 1 1 0 1 1 1 0 0 1 1 1 1 1 1 0 1 1 1 0 1 1 1 1 0 0 1 0 0 1 0 1 1 0 1 0 0 1 
1 1 1 1 1 0 1 1 1 0 1 1 0 1 0 1 0 1 1 1 0 1 1 1 1 0 0 1 0 0 0 0 0 0 1 1 1 1 1 0 
1 0 1 1 0 1 0 1 0 1 1 0 1 1 0 1 0 1 0 1 0 1 1 1 1 1 0 1 1 1 0 1 0 1 1 0 1 0 0 1 
0 1 1 0 1 1 1 0 1 0 1 1 0 1 1 1 1 0 0 0 1 1 1 0 1 1 1 1 0 0 0 1 1 1 1 0 1 1 1 1 
1 1 0 0 1 1 1 1 0 1 1 0 1 1 1 1 0 1 0 0 0 1 0 0 0 1 1 1 1 1 0 1 0 1 0 0 1 1 0 0 
1 1 1 0 1 1 1 0 0 1 1 1 1 1 1 0 1 1 1 1 0 0 0 1 1 1 1 1 1 1 1 1 1 1 0 0 0 0 1 1 
1 1 1 1 1 1 0 0 0 1 0 0 1 1 0 0 0 1 1 1 0 1 1 0 1 0 1 1 1 1 1 1 1 1 1 0 1 1 0 0 
0 0 1 1 0 1 1 0 1 1 0 1 1 0 0 1 1 1 0 0 1 0 0 0 1 0 1 1 1 1 1 1 1 0 0 1 1 1 1 0 
0 1 1 0 0 1 0 1 1 1 1 1 1 1 1 1 1 1 1 0 1 0 0 0 0 0 0 1 1 1 1 1 0 0 0 1 1 1 0 0 
0 1 1 0 1 0 1 1 1 0 1 0 0 0 0 1 1 1 1 1 0 1 1 0 1 1 1 1 1 1 1 1 1 1 1 1 0 0 1 0 
1 1 1 0 0 1 1 0 0 1 0 1 0 1 0 1 0 0 0 1 0 0 0 0 0 1 0 1 1 1 0 1 1 1 1 1 0 1 0 0 
0 1 0 0 1 1 1 0 0 1 1 1 1 1 0 0 0 1 1 1 0 1 1 0 1 1 1 1 1 0 0 1 1 1 1 1 0 0 1 1 
1 1 1 0 0 1 0 0 0 1 1 1 0 1 1 1 0 0 0 1 0 0 1 1 1 1 0 0 1 0 0 1 1 1 1 1 0 1 0 1 
1 0 1 1 0 1 1 1 1 1 0 1 1 1 1 1 1 0 0 1 0 0 0 1 0 0 0 0 0 1 1 1 1 1 1 1 1 0 1 0 
0 1 1 1 1 1 1 1 1 0 1 0 1 1 1 1 1 1 0 1 1 0 1 1 1 1 1 0 1 1 1 0 0 0 0 1 1 0 1 1 
0 0 1 1 1 1 1 1 0 1 1 1 1 1 0 1 1 0 1 1 1 1 0 1 0 1 1 0 1 1 1 0 1 0 1 0 0 1 0 1 
0 1 1 1 0 1 0 1 1 0 1 1 1 1 1 0 1 0 1 0 1 0 0 1 0 1 0 1 0 1 0 1 0 1 0 1 1 0 1 0 
1 1 0 1 1 1 0 1 1 1 0 1 1 1 1 1 1 1 1 0 1 1 1 0 1 1 0 1 0 0 0 0 0 1 1 0 1 1 0 1 
40
1 1 1 1 0 1 1 1 0 1 1 1 1 0 1 1 1 1 0 0 1 0 1 0 0 0 1 1 1 1 1 1 0 1 1 1 0 1 1 1 
1 1 0 1 1 1 1 1 1 0 1 1 1 1 0 1 1 0 0 0 1 1 1 0 0 1 1 0 1 1 0 1 0 1 1 1 1 1 0 1 
1 0 1 1 1 0 1 0 1 0 1 1 1 1 0 0 1 1 0 1 0 0 1 1 1 1 1 1 1 0 1 1 1 0 0 1 0 0 1 1 
1 1 1 1 0 1 1 1 1 1 1 1 0 0 1 1 0 1 1 0 1 1 1 0 1 0 1 0 1 1 1 0 1 1 0 1 1 1 1 0 
0 1 1 0 1 1 1 1 1 0 1 1 1 0 0 0 1 0 0 1 1 1 1 0 1 1 0 0 1 0 1 1 0 1 1 0 1 1 0 0 
1 1 0 1 1 1 1 0 1 1 1 0 1 0 0 1 0 0 1 1 1 1 1 1 1 1 0 1 0 1 0 1 1 0 0 1 0 0 1 1 
1 1 1 1 1 1 1 0 1 0 1 1 0 1 1 1 1 1 1 1 1 1 1 1 1 1 1 1 1 1 0 1 1 0 0 1 1 0 1 1 
1 1 0 1 1 0 0 1 0 1 1 1 1 1 1 1 0 1 0 1 1 0 0 1 1 1 0 1 1 1 1 1 0 1 0 1 1 1 1 1 
0 1 1 1 1 1 1 0 1 1 1 1 1 1 1 0 1 1 1 1 0 1 0 1 0 1 1 0 1 1 0 1 1 1 1 0 1 1 1 0 
1 0 0 1 0 1 0 1 1 1 1 1 1 1 1 1 1 1 1 0 1 1 1 1 1 1 1 1 0 1 1 1 0 1 1 1 1 1 1 1 
1 1 1 1 1 1 1 1 1 1 1 1 0 0 1 1 0 0 1 1 1 1 1 0 1 1 1 0 1 0 1 0 0 0 0 1 1 0 1 1 
1 1 1 1 1 0 1 1 1 1 1 1 1 1 1 1 0 1 0 1 1 0 1 0 1 1 1 0 1 1 1 1 1 1 1 1 0 1 1 1 
1 1 1 0 1 1 0 1 1 1 0 1 1 1 0 1 1 0 1 0 0 1 1 1 1 1 1 1 0 1 1 1 0 1 1 1 1 0 1 0 
0 1 1 0 0 0 1 1 1 1 0 1 1 1 1 0 1 1 0 1 1 0 1 1 1 1 1 1 1 1 1 1 1 0 1 0 1 1 0 1 
1 0 0 1 0 0 1 1 1 1 1 1 0 1 1 1 1 1 0 0 1 1 1 1 1 1 1 1 1 1 0 0 1 1 0 1 1 1 1 1 
1 1 0 1 0 1 1 1 0 1 1 1 1 0 1 1 1 0 0 1 1 0 1 1 1 0 1 1 1 0 1 1 1 0 0 1 0 1 1 1 
1 1 1 0 1 0 1 0 1 1 0 0 1 1 1 1 1 1 1 1 1 1 1 0 1 1 1 0 1 1 0 1 1 1 0 1 1 1 1 0 
1 0 1 1 0 0 1 1 1 1 0 1 0 1 1 0 1 1 1 1 1 1 1 1 1 1 1 1 1 0 1 1 1 0 1 1 1 1 1 1 
0 0 0 1 0 1 1 0 1 1 1 0 1 0 0 0 1 1 1 1 1 1 1 1 0 1 1 1 0 0 1 1 1 0 0 1 0 1 1 1 
0 0 1 0 1 1 1 1 1 0 1 1 0 1 0 1 1 1 1 1 1 1 0 1 1 1 0 1 1 0 0 0 1 0 1 1 1 1 0 1 
1 1 0 1 1 1 1 1 0 1 1 1 0 1 1 1 1 1 1 1 1 1 1 1 1 1 1 1 0 1 1 1 1 1 1 1 1 0 1 0 
0 1 0 1 1 1 1 0 1 1 1 0 1 0 1 0 1 1 1 1 1 1 0 1 1 1 0 1 0 0 1 1 1 0 0 0 1 1 1 1 
1 1 1 1 1 1 1 0 0 1 1 1 1 1 1 1 1 1 1 0 1 0 1 1 1 0 1 0 0 1 0 0 0 1 0 0 1 1 1 1 
0 0 1 0 0 1 1 1 1 1 0 0 1 1 1 1 0 1 1 1 1 1 1 1 0 1 1 1 1 0 0 1 1 0 1 1 0 1 1 1 
0 0 1 1 1 1 1 1 0 1 1 1 1 1 1 1 1 1 0 1 1 1 1 0 1 1 1 1 1 1 1 1 1 1 0 1 1 1 1 0 
0 1 1 0 1 1 1 1 1 1 1 1 1 1 1 0 1 1 1 1 1 1 0 1 1 1 1 0 1 0 0 1 1 1 1 1 1 1 1 0 
1 1 1 1 0 0 1 0 1 1 1 1 1 1 1 1 1 1 1 0 1 0 1 1 1 1 1 0 1 0 0 1 1 1 0 0 0 1 0 1 
1 0 1 0 0 1 1 1 0 1 0 0 1 1 1 1 0 1 1 1 1 1 0 1 1 0 0 1 1 0 0 0 1 1 1 1 0 0 1 1 
1 1 1 1 1 0 1 1 1 0 1 1 0 1 1 1 1 1 0 1 0 0 0 1 1 1 1 1 1 1 1 1 1 1 1 0 0 1 1 1 
1 1 0 1 0 1 1 1 1 1 0 1 1 1 1 0 1 0 0 0 1 0 1 0 1 0 0 0 1 1 0 1 1 1 0 1 1 1 1 1 
1 0 1 1 1 0 0 1 0 1 1 1 1 1 0 1 0 1 1 0 1 1 0 0 1 0 0 0 1 0 1 0 1 1 0 1 0 0 1 1 
1 1 1 0 1 1 1 1 1 1 0 1 1 1 0 1 1 1 1 0 1 1 0 1 1 1 1 0 1 1 0 1 1 1 1 0 1 1 0 1 
0 0 1 1 0 1 1 0 1 0 0 1 0 1 1 1 1 1 1 1 1 1 0 1 1 1 1 1 1 1 1 1 1 1 1 1 1 1 1 1 
1 1 0 1 1 0 0 1 1 1 0 1 1 0 1 0 1 0 0 0 1 0 1 0 1 1 1 1 1 1 1 1 1 1 1 0 1 1 1 1 
1 1 0 0 1 0 0 0 1 1 0 1 1 1 0 0 0 1 0 1 1 0 0 1 0 1 0 1 1 0 0 1 1 1 1 1 1 1 1 1 
1 1 1 1 0 1 1 1 0 1 1 1 1 0 1 1 1 1 1 1 1 0 0 1 1 1 0 1 0 1 1 0 1 0 1 1 1 1 1 1 
0 1 0 1 1 0 1 1 1 1 1 0 1 1 1 0 1 1 0 1 1 1 1 0 1 1 0 0 0 1 0 1 1 1 1 1 1 0 0 1 
1 1 0 1 1 0 0 1 1 1 0 1 0 1 1 1 1 1 1 1 0 1 1 1 1 1 1 0 1 1 0 1 1 1 1 1 0 1 1 1 
1 0 1 1 0 1 1 1 1 1 1 1 1 0 1 1 1 1 1 0 1 1 1 1 1 1 0 1 1 1 1 0 1 1 1 1 0 1 1 1 
1 1 1 0 0 1 1 1 0 1 1 1 0 1 1 1 0 1 1 1 0 1 1 1 0 0 1 1 1 1 1 1 1 1 1 1 1 1 1 1 
45
1 0 0 0 0 0 1 0 1 0 1 0 0 0 1 1 0 0 0 0 0 1 0 1 0 0 1 0 0 0 1 0 1 0 1 0 0 0 1 0 1 0 0 0 0 
0 1 0 1 0 1 0 0 0 0 0 0 0 0 1 1 1 0 0 0 0 0 0 0 1 1 1 0 1 0 0 0 1 0 0 1 0 0 0 0 0 0 0 0 0 
0 0 1 0 0 0 0 0 0 1 0 1 0 0 0 0 0 0 1 1 0 0 0 0 0 0 1 0 1 1 0 0 0 1 0 0 0 0 0 1 0 0 0 1 0 
0 1 0 1 0 0 0 0 1 0 0 0 0 0 0 0 0 0 1 0 1 0 0 0 0 0 0 1 0 0 0 1 1 1 0 1 0 0 0 0 1 0 0 0 0 
0 0 0 0 1 0 0 0 0 0 0 0 0 0 0 1 0 0 0 1 1 1 0 1 1 0 0 0 0 0 0 0 0 0 1 0 1 0 0 0 1 0 0 0 0 
0 1 0 0 0 1 1 1 0 0 0 0 0 0 1 0 0 1 0 1 1 0 0 0 0 1 0 0 1 0 0 1 1 0 1 1 0 0 0 0 0 0 1 0 0 
1 0 0 0 0 1 1 1 0 0 0 0 0 0 0 0 0 0 0 0 0 1 1 1 1 0 0 1 0 0 0 1 0 0 0 1 0 1 0 0 0 1 0 0 0 
0 0 0 0 0 1 1 1 0 0 0 0 0 0 1 0 0 1 1 0 0 0 0 0 0 1 0 0 0 0 1 0 0 1 0 1 1 0 1 0 0 1 0 1 1 
1 0 0 1 0 0 0 0 1 0 1 0 0 0 0 1 0 1 1 0 0 0 0 0 0 0 0 0 0 0 0 0 0 0 0 0 0 0 1 1 0 1 1 0 0 
0 0 1 0 0 0 0 0 0 1 1 1 0 0 0 0 1 0 1 0 1 1 0 0 1 0 0 0 1 0 1 0 0 0 1 0 0 1 1 0 0 0 1 0 0 
1 0 0 0 0 0 0 0 1 1 1 1 1 0 0 0 0 0 0 0 1 1 0 0 0 0 1 0 1 0 0 0 0 1 1 0 1 1 0 0 0 1 1 1 0 
0 0 1 0 0 0 0 0 0 1 1 1 1 0 0 0 0 0 1 0 0 0 0 0 0 1 1 0 0 0 1 0 0 0 1 0 0 0 0 0 0 0 1 0 0 
0 0 0 0 0 0 0 0 0 0 1 1 1 1 0 0 0 1 0 0 1 1 0 0 0 0 0 0 0 0 0 0 0 1 0 0 0 0 0 1 1 1 1 0 0 
0 0 0 0 0 0 0 0 0 0 0 0 1 1 0 0 0 1 0 1 0 0 0 0 0 0 1 1 1 1 1 1 1 1 0 1 0 1 1 0 0 0 0 0 1 
1 1 0 0 0 1 0 1 0 0 0 0 0 0 1 0 0 0 0 0 0 0 0 0 0 1 0 0 1 1 1 0 0 0 0 1 0 0 0 1 0 0 0 0 0 
1 1 0 0 1 0 0 0 1 0 0 0 0 0 0 1 0 1 0 0 0 1 0 0 1 0 0 0 1 0 0 1 0 1 0 0 0 0 0 0 0 1 1 0 0 
0 1 0 0 0 0 0 0 0 1 0 0 0 0 0 0 1 0 0 0 1 0 1 0 0 0 0 0 0 1 0 0 0 0 0 0 1 1 0 0 0 0 0 1 0 
0 0 0 0 0 1 0 1 1 0 0 0 1 1 0 1 0 1 0 0 1 0 0 0 0 0 0 0 0 0 0 0 1 0 0 0 0 1 1 0 0 0 0 1 0 
0 0 1 1 0 0 0 1 1 1 0 1 0 0 0 0 0 0 1 0 0 1 0 0 0 1 1 0 0 0 0 0 1 1 0 0 0 1 0 1 0 1 0 0 1 
0 0 1 0 1 1 0 0 0 0 0 0 0 1 0 0 0 0 0 1 0 0 1 0 0 0 1 0 1 0 0 0 1 1 1 1 0 1 0 0 1 0 1 1 0 
0 0 0 1 1 1 0 0 0 1 1 0 1 0 0 0 1 1 0 0 1 0 1 0 0 0 0 0 0 1 0 0 1 0 0 0 0 0 1 1 0 1 0 0 0 
1 0 0 0 1 0 1 0 0 1 1 0 1 0 0 1 0 0 1 0 0 1 0 0 1 0 0 0 0 1 0 0 1 0 0 0 0 0 0 1 0 0 0 1 0 
0 0 0 0 0 0 1 0 0 0 0 0 0 0 0 0 1 0 0 1 1 0 1 1 0 0 0 0 0 0 1 1 0 0 0 0 1 0 0 0 0 0 0 1 1 
1 0 0 0 1 0 1 0 0 0 0 0 0 0 0 0 0 0 0 0 0 0 1 1 0 1 0 1 0 1 0 0 1 1 0 0 1 0 0 0 1 0 0 0 0 
0 1 0 0 1 0 1 0 0 1 0 0 0 0 0 1 0 0 0 0 0 1 0 0 1 0 0 0 1 0 0 0 1 0 1 0 1 0 0 0 1 1 0 0 0 
0 1 0 0 0 1 0 1 0 0 0 1 0 0 1 0 0 0 1 0 0 0 0 1 0 1 0 0 0 0 0 0 1 0 1 0 1 0 0 1 0 0 0 0 1 
1 1 1 0 0 0 0 0 0 0 1 1 0 1 0 0 0 0 1 1 0 0 0 0 0 0 1 0 0 0 0 1 0 0 0 0 0 0 0 0 1 0 0 0 0 
0 0 0 1 0 0 1 0 0 0 0 0 0 1 0 0 0 0 0 0 0 0 0 1 0 0 0 1 0 0 0 0 1 0 0 0 0 0 0 0 0 0 1 1 1 
0 1 1 0 0 1 0 0 0 1 1 0 0 1 1 1 0 0 0 1 0 0 0 0 1 0 0 0 1 0 0 0 0 0 1 0 0 0 1 1 0 1 0 0 0 
0 0 1 0 0 0 0 0 0 0 0 0 0 1 1 0 1 0 0 0 1 1 0 1 0 0 0 0 0 1 0 0 1 0 0 1 0 1 1 0 1 0 0 0 0 
1 0 0 0 0 0 0 1 0 1 0 1 0 1 1 0 0 0 0 0 0 0 1 0 0 0 0 0 0 0 1 1 0 0 1 0 0 0 0 0 0 0 0 0 0 
0 0 0 1 0 1 1 0 0 0 0 0 0 1 0 1 0 0 0 0 0 0 1 0 0 0 1 0 0 0 1 1 0 1 0 0 0 0 1 0 0 0 0 0 1 
1 1 0 1 0 1 0 0 0 0 0 0 0 1 0 0 0 1 1 1 1 1 0 1 1 1 0 1 0 1 0 0 1 0 0 0 1 0 0 0 0 0 0 0 1 
0 0 1 1 0 0 0 1 0 0 1 0 1 1 0 1 0 0 1 1 0 0 0 1 0 0 0 0 0 0 0 1 0 1 0 0 0 0 0 0 0 0 1 0 1 
1 0 0 0 1 1 0 0 0 1 1 1 0 0 0 0 0 0 0 1 0 0 0 0 1 1 0 0 1 0 1 0 0 0 1 0 0 0 0 0 0 1 0 1 1 
0 1 0 1 0 1 1 1 0 0 0 0 0 1 1 0 0 0 0 1 0 0 0 0 0 0 0 0 0 1 0 0 0 0 0 1 0 0 0 0 0 0 1 0 0 
0 0 0 0 1 0 0 1 0 0 1 0 0 0 0 0 1 0 0 0 0 0 1 1 1 1 0 0 0 0 0 0 1 0 0 0 1 0 0 1 0 0 0 0 0 
0 0 0 0 0 0 1 0 0 1 1 0 0 1 0 0 1 1 1 1 0 0 0 0 0 0 0 0 0 1 0 0 0 0 0 0 0 1 0 0 0 0 1 0 1 
1 0 0 0 0 0 0 1 1 1 0 0 0 1 0 0 0 1 0 0 1 0 0 0 0 0 0 0 1 1 0 1 0 0 0 0 0 0 1 0 0 1 0 0 1 
0 0 1 0 0 0 0 0 1 0 0 0 1 0 1 0 0 0 1 0 1 1 0 0 0 1 0 0 1 0 0 0 0 0 0 0 1 0 0 1 1 0 0 1 0 
1 0 0 1 1 0 0 0 0 0 0 0 1 0 0 0 0 0 0 1 0 0 0 1 1 0 1 0 0 1 0 0 0 0 0 0 0 0 0 1 1 0 1 0 0 
0 0 0 0 0 0 1 1 1 0 1 0 1 0 0 1 0 0 1 0 1 0 0 0 1 0 0 0 1 0 0 0 0 0 1 0 0 0 1 0 0 1 0 1 0 
0 0 0 0 0 1 0 0 1 1 1 1 1 0 0 1 0 0 0 1 0 0 0 0 0 0 0 1 0 0 0 0 0 1 0 1 0 1 0 0 1 0 1 0 0 
0 0 1 0 0 0 0 1 0 0 1 0 0 0 0 0 1 1 0 1 0 1 1 0 0 0 0 1 0 0 0 0 0 0 1 0 0 0 0 1 0 1 0 1 0 
0 0 0 0 0 0 0 1 0 0 0 0 0 1 0 0 0 0 1 0 0 0 1 0 0 1 0 1 0 0 0 1 1 1 1 0 0 1 1 0 0 0 0 0 1 
45
1 0 0 0 0 1 0 0 1 0 0 0 1 0 1 0 1 0 1 0 0 0 0 1 0 1 1 0 1 1 0 1 0 0 0 0 0 1 0 0 1 1 1 0 1 
0 1 1 0 0 0 0 0 0 1 1 1 1 0 1 1 1 0 1 0 1 0 0 0 1 1 1 0 1 0 0 0 0 0 0 1 0 1 0 1 1 1 1 0 0 
0 1 1 0 0 1 1 1 1 0 0 0 1 0 1 1 0 0 0 0 0 0 1 1 1 1 0 0 0 1 1 1 0 1 0 0 0 1 1 0 1 0 1 1 0 
0 0 0 1 0 1 1 0 0 0 0 0 0 0 1 0 1 0 0 1 0 1 1 1 1 0 0 0 0 1 0 0 1 1 1 0 1 0 1 1 0 0 0 1 0 
0 0 0 0 1 0 1 0 0 0 0 0 0 0 0 0 0 1 1 0 0 0 0 0 0 1 1 0 1 1 1 0 0 1 1 0 1 0 0 0 0 0 1 1 0 
1 0 1 1 0 1 0 0 0 0 1 0 0 0 1 1 0 1 0 1 1 1 1 0 0 0 1 0 1 0 1 1 0 0 1 1 0 0 1 0 0 1 0 1 0 
0 0 1 1 1 0 1 1 1 1 0 0 1 1 0 0 0 0 1 1 0 0 1 1 1 0 0 0 0 0 1 1 0 1 0 1 1 1 1 1 1 1 1 1 1 
0 0 1 0 0 0 1 1 0 0 0 0 1 1 1 0 0 1 0 1 0 0 1 1 1 1 0 0 0 0 1 0 1 1 0 1 1 0 1 1 0 0 0 0 1 
1 0 1 0 0 0 1 0 1 0 0 0 1 0 1 0 0 0 0 0 0 0 0 0 0 0 0 1 0 1 1 1 1 0 0 1 0 0 1 0 0 1 0 1 1 
0 1 0 0 0 0 1 0 0 1 0 0 1 0 0 1 1 0 1 0 0 1 1 1 0 1 0 1 1 1 0 0 0 0 0 0 1 1 1 0 1 0 0 0 0 
0 1 0 0 0 1 0 0 0 0 1 1 0 1 0 0 1 1 0 0 0 1 0 0 0 0 0 0 0 1 0 0 0 0 1 1 1 0 0 0 0 0 1 0 0 
0 1 0 0 0 0 0 0 0 0 1 1 0 1 1 1 0 0 0 1 0 1 0 0 1 0 1 1 1 0 0 0 1 1 0 1 0 0 1 1 1 0 0 0 0 
1 1 1 0 0 0 1 1 1 1 0 0 1 1 1 1 1 1 0 0 0 0 1 0 0 0 1 1 0 0 0 0 1 1 1 1 0 0 1 0 0 0 0 1 1 
0 0 0 0 0 0 1 1 0 0 1 1 1 1 0 0 0 1 0 1 1 1 1 1 1 0 0 0 1 1 1 1 0 1 1 0 0 0 0 0 0 1 0 1 0 
1 1 1 1 0 1 0 1 1 0 0 1 1 0 1 0 0 0 0 1 0 1 0 1 1 1 1 1 1 0 1 0 1 0 1 0 1 0 1 1 0 0 0 0 1 
0 1 1 0 0 1 0 0 0 1 0 1 1 0 0 1 1 1 0 0 1 0 0 1 0 1 1 0 0 0 0 0 1 0 0 1 0 1 0 0 0 1 1 1 0 
1 1 0 1 0 0 0 0 0 1 1 0 1 0 0 1 1 0 1 1 1 0 0 0 1 0 0 1 1 0 1 0 1 0 0 0 0 0 0 0 1 1 0 1 1 
0 0 0 0 1 1 0 1 0 0 1 0 1 1 0 1 0 1 0 0 0 0 0 0 0 0 1 1 0 0 0 0 0 0 1 0 1 0 0 0 0 1 1 0 1 
1 1 0 0 1 0 1 0 0 1 0 0 0 0 0 0 1 0 1 1 0 0 0 1 0 0 0 1 0 0 0 0 0 0 1 0 0 0 0 0 0 0 1 0 1 
0 0 0 1 0 1 1 1 0 0 0 1 0 1 1 0 1 0 1 1 0 1 0 0 0 1 0 1 0 1 0 0 0 0 0 0 0 0 1 0 0 1 1 0 0 
0 1 0 0 0 1 0 0 0 0 0 0 0 1 0 1 1 0 0 0 1 0 1 0 0 0 0 1 0 1 1 1 1 0 0 1 1 0 1 1 0 0 0 0 1 
0 0 0 1 0 1 0 0 0 1 1 1 0 1 1 0 0 0 0 1 0 1 0 1 1 0 0 1 1 0 0 1 0 1 0 0 0 0 1 0 1 1 0 1 0 
0 0 1 1 0 1 1 1 0 1 0 0 1 1 0 0 0 0 0 0 1 0 1 1 0 1 0 1 0 1 1 0 0 0 1 0 1 1 1 1 1 0 1 1 0 
1 0 1 1 0 0 1 1 0 1 0 0 0 1 1 1 0 0 1 0 0 1 1 1 1 1 0 0 0 0 1 0 1 0 0 0 0 0 0 1 1 0 1 1 0 
0 1 1 1 0 0 1 1 0 0 0 1 0 1 1 0 1 0 0 0 0 1 0 1 1 0 0 1 0 0 1 0 0 0 1 1 0 0 0 1 1 1 1 0 0 
1 1 1 0 1 0 0 1 0 1 0 0 0 0 1 1 0 0 0 1 0 0 1 1 0 1 0 1 0 0 0 0 0 0 0 0 1 1 1 1 0 1 0 0 1 
1 1 0 0 1 1 0 0 0 0 0 1 1 0 1 1 0 1 0 0 0 0 0 0 0 0 1 0 0 1 0 0 1 1 1 0 0 1 1 1 1 1 0 0 0 
0 0 0 0 0 0 0 0 1 1 0 1 1 0 1 0 1 1 1 1 1 1 1 0 1 1 0 1 0 0 0 0 1 0 0 0 0 1 0 0 1 0 0 1 1 
1 1 0 0 1 1 0 0 0 1 0 1 0 1 1 0 1 0 0 0 0 1 0 0 0 0 0 0 1 1 1 0 0 0 1 0 1 0 1 0 1 0 0 1 0 
1 0 1 1 1 0 0 0 1 1 1 0 0 1 0 0 0 0 0 1 1 0 1 0 0 0 1 0 1 1 0 0 0 0 1 1 0 0 0 0 0 0 1 0 1 
0 0 1 0 1 1 1 1 1 0 0 0 0 1 1 0 1 0 0 0 1 0 1 1 1 0 0 0 1 0 1 0 0 0 1 0 1 1 0 0 1 1 1 0 0 
1 0 1 0 0 1 1 0 1 0 0 0 0 1 0 0 0 0 0 0 1 1 0 0 0 0 0 0 0 0 0 1 0 1 1 0 1 0 0 0 1 1 0 0 0 
0 0 0 1 0 0 0 1 1 0 0 1 1 0 1 1 1 0 0 0 1 0 0 1 0 0 1 1 0 0 0 0 1 0 1 0 0 0 0 0 1 0 1 0 0 
0 0 1 1 1 0 1 1 0 0 0 1 1 1 0 0 0 0 0 0 0 1 0 0 0 0 1 0 0 0 0 1 0 1 0 0 0 0 1 0 0 1 0 1 0 
0 0 0 1 1 1 0 0 0 0 1 0 1 1 1 0 0 1 1 0 0 0 1 0 1 0 1 0 1 1 1 1 1 0 1 1 1 1 1 0 1 1 0 1 1 
0 1 0 0 0 1 1 1 1 0 1 1 1 0 0 1 0 0 0 0 1 0 0 0 1 0 0 0 0 1 0 0 0 0 1 1 1 1 1 0 0 0 0 1 0 
0 0 0 1 1 0 1 1 0 1 1 0 0 0 1 0 0 1 0 0 1 0 1 0 0 1 0 0 1 0 1 1 0 0 1 1 1 0 0 1 1 0 0 1 1 
1 1 1 0 0 0 1 0 0 1 0 0 0 0 0 1 0 0 0 0 0 0 1 0 0 1 1 1 0 0 1 0 0 0 1 1 0 1 0 1 0 0 0 1 1 
0 0 1 1 0 1 1 1 1 1 0 1 1 0 1 0 0 0 0 1 1 1 1 0 0 1 1 0 1 0 0 0 0 1 1 1 0 0 1 0 0 0 0 1 1 
0 1 0 1 0 0 1 1 0 0 0 1 0 0 1 0 0 0 0 0 1 0 1 1 1 1 1 0 0 0 0 0 0 0 0 0 1 1 0 1 1 1 0 0 1 
1 1 1 0 0 0 1 0 0 1 0 1 0 0 0 0 1 0 0 0 0 1 1 1 1 0 1 1 1 0 1 1 1 0 1 0 1 0 0 1 1 1 1 0 0 
1 1 0 0 0 1 1 0 1 0 0 0 0 1 0 1 1 1 0 1 0 1 0 0 1 1 1 0 0 0 1 1 0 1 1 0 0 0 0 1 1 1 1 0 1 
1 1 1 0 1 0 1 0 0 0 1 0 0 0 0 1 0 1 1 1 0 0 1 1 1 0 0 0 0 1 1 0 1 0 0 0 0 0 0 0 1 1 1 1 0 
0 0 1 1 1 1 1 0 1 0 0 0 1 1 0 1 1 0 0 0 0 1 1 1 0 0 0 1 1 0 0 0 0 1 1 1 1 1 1 0 0 0 1 1 1 
1 0 0 0 0 0 1 1 1 0 0 0 1 0 1 0 1 1 1 0 1 0 0 0 0 1 0 1 0 1 0 0 0 0 1 0 1 1 1 1 0 1 0 1 1 
45
1 0 0 0 1 1 0 1 0 0 1 0 0 1 0 0 0 1 0 1 1 1 1 0 1 1 1 1 1 1 0 0 1 0 0 0 0 0 1 1 0 0 0 0 0 
0 1 0 0 1 0 0 1 1 1 0 0 1 0 0 0 0 1 0 1 0 1 0 0 1 1 1 0 0 1 1 1 1 0 0 1 1 0 0 0 0 1 1 0 0 
0 0 1 0 1 0 1 1 1 0 1 1 0 0 0 1 1 0 1 0 0 1 1 0 0 1 1 0 1 1 0 1 1 0 0 1 0 1 1 1 0 1 0 1 1 
0 0 0 1 0 0 0 1 1 0 1 0 1 1 0 0 1 0 1 0 1 0 0 1 1 1 1 0 0 0 1 0 0 0 1 1 0 0 0 1 1 1 1 0 0 
1 1 1 0 1 0 1 1 0 1 1 1 1 1 0 0 0 0 0 1 1 0 1 1 1 1 1 0 0 0 0 1 1 0 1 1 1 1 0 0 0 1 0 1 0 
1 0 0 0 0 1 0 1 0 1 1 1 0 1 0 1 1 1 1 1 1 0 1 1 0 0 1 0 0 1 0 0 1 0 1 1 0 0 1 0 0 0 1 1 1 
0 0 1 0 1 0 1 1 0 0 1 1 1 1 0 0 1 1 0 0 1 0 1 0 0 1 1 1 0 1 1 0 1 0 1 0 0 0 1 1 0 0 1 1 1 
1 1 1 1 1 1 1 1 1 0 1 1 0 0 0 1 0 0 1 0 1 1 1 1 1 0 0 0 0 0 1 1 1 1 1 0 1 0 0 0 1 1 1 0 0 
0 1 1 1 0 0 0 1 1 1 1 1 0 0 1 1 1 0 0 0 1 0 1 0 1 0 1 0 1 1 0 1 0 1 1 1 0 1 0 1 0 0 1 1 0 
0 1 0 0 1 1 0 0 1 1 1 0 0 0 0 1 0 0 1 0 1 0 1 0 0 0 0 0 1 0 1 1 0 0 1 0 0 1 1 0 0 0 0 1 1 
1 0 1 1 1 1 1 1 1 1 1 1 1 1 0 0 1 0 0 1 1 0 1 0 1 0 0 1 0 1 1 0 0 0 0 1 0 0 1 0 0 1 0 0 1 
0 0 1 0 1 1 1 1 1 0 1 1 1 0 1 0 1 0 0 0 0 0 0 1 1 0 1 0 1 1 1 0 0 0 1 1 1 0 1 1 1 1 0 0 1 
0 1 0 1 1 0 1 0 0 0 1 1 1 1 1 0 1 0 1 1 1 1 1 0 0 0 0 0 0 1 0 0 1 0 0 0 0 1 0 0 1 0 1 1 0 
1 0 0 1 1 1 1 0 0 0 1 0 1 1 0 1 0 1 1 0 0 0 1 0 1 0 0 1 0 1 0 0 0 0 0 1 0 1 1 0 0 0 1 1 0 
0 0 0 0 0 0 0 0 1 0 0 1 1 0 1 0 0 1 0 0 1 0 0 1 1 1 0 0 0 0 0 1 1 1 0 0 1 0 1 1 1 0 1 0 0 
0 0 1 0 0 1 0 1 1 1 0 0 0 1 0 1 0 0 1 1 1 1 1 0 0 1 1 1 0 1 1 1 0 1 1 1 0 1 0 1 0 1 0 1 0 
0 0 1 1 0 1 1 0 1 0 1 1 1 0 0 0 1 0 1 0 1 0 1 0 1 1 0 0 1 0 1 1 0 1 1 1 1 0 1 1 1 1 0 0 1 
1 1 0 0 0 1 1 0 0 0 0 0 0 1 1 0 0 1 1 0 0 0 0 0 0 0 1 0 1 0 1 0 0 1 0 1 1 0 0 1 1 1 1 0 1 
0 0 1 1 0 1 0 1 0 1 0 0 1 1 0 1 1 1 1 0 0 0 0 1 0 0 0 1 1 0 0 1 0 1 0 0 0 1 0 0 0 0 1 0 1 
1 1 0 0 1 1 0 0 0 0 1 0 1 0 0 1 0 0 0 1 1 0 1 1 1 1 1 1 0 1 0 0 1 1 1 1 0 1 0 1 1 1 1 0 1 
1 0 0 1 1 1 1 1 1 1 1 0 1 0 1 1 1 0 0 1 1 1 1 1 0 1 1 1 1 1 1 0 1 0 1 0 0 0 1 1 0 1 0 1 1 
1 1 1 0 0 0 0 1 0 0 0 0 1 0 0 1 0 0 0 0 1 1 1 0 1 1 1 0 0 0 1 0 0 1 1 0 1 1 0 1 0 0 1 0 1 
1 0 1 0 1 1 1 1 1 1 1 0 1 1 0 1 1 0 0 1 1 1 1 0 1 0 0 0 1 0 1 0 0 1 1 1 0 0 1 0 1 0 0 0 1 
0 0 0 1 1 1 0 1 0 0 0 1 0 0 1 0 0 0 1 1 1 0 0 1 1 1 1 0 0 0 0 1 0 0 0 1 1 1 1 0 0 0 0 0 1 
1 1 0 1 1 0 0 1 1 0 1 1 0 1 1 0 1 0 0 1 0 1 1 1 1 0 1 0 1 1 1 1 1 0 0 0 0 1 1 0 1 0 0 1 0 
1 1 1 1 1 0 1 0 0 0 0 0 0 0 1 1 1 0 0 1 1 1 0 1 0 1 0 0 0 0 0 0 0 1 1 1 1 0 1 0 1 1 1 1 1 
1 1 1 1 1 1 1 0 1 0 0 1 0 0 0 1 0 1 0 1 1 1 0 1 1 0 1 1 0 1 0 0 1 1 1 1 1 0 0 1 1 1 0 0 0 
1 0 0 0 0 0 1 0 0 0 1 0 0 1 0 1 0 0 1 1 1 0 0 0 0 0 1 1 1 1 0 0 0 0 0 1 0 1 1 1 1 1 1 0 0 
1 0 1 0 0 0 0 0 1 1 0 1 0 0 0 0 1 1 1 0 1 0 1 0 1 0 0 1 1 1 0 1 0 1 1 0 1 1 1 0 1 0 1 1 1 
1 1 1 0 0 1 1 0 1 0 1 1 1 1 0 1 0 0 0 1 1 0 0 0 1 0 1 1 1 1 1 1 0 1 0 0 1 1 1 1 1 0 0 1 1 
0 1 0 1 0 0 1 1 0 1 1 1 0 0 0 1 1 1 0 0 1 1 1 0 1 0 0 0 0 1 1 0 1 0 0 0 0 0 1 1 0 1 1 0 0 
0 1 1 0 1 0 0 1 1 1 0 0 0 0 1 1 1 0 1 0 0 0 0 1 1 0 0 0 1 1 0 1 1 1 0 0 0 1 0 1 0 1 0 1 0 
1 1 1 0 1 1 1 1 0 0 0 0 1 0 1 0 0 0 0 1 1 0 0 0 1 0 1 0 0 0 1 1 1 1 1 1 0 0 0 0 1 0 0 1 1 
0 0 0 0 0 0 0 1 1 0 0 0 0 0 1 1 1 1 1 1 0 1 1 0 0 1 1 0 1 1 0 1 1 1 0 0 0 0 0 1 1 1 1 1 0 
0 0 0 1 1 1 1 1 1 1 0 1 0 0 0 1 1 0 0 1 1 1 1 0 0 1 1 0 1 0 0 0 1 0 1 0 1 0 0 1 0 1 1 1 1 
0 1 1 1 1 1 0 0 1 0 1 1 0 1 0 1 1 1 0 1 0 0 1 1 0 1 1 1 0 0 0 0 1 0 0 1 1 0 0 0 0 0 0 1 1 
0 1 0 0 1 0 0 1 0 0 0 1 0 0 1 0 1 1 0 0 0 1 0 1 0 1 1 0 1 1 0 0 0 0 1 1 1 1 1 1 0 0 1 1 0 
0 0 1 0 1 0 0 0 1 1 0 0 1 1 0 1 0 0 1 1 0 1 0 1 1 0 0 1 1 1 0 1 0 0 0 0 1 1 0 0 0 1 1 1 1 
1 0 1 0 0 1 1 0 0 1 1 1 0 1 1 0 1 0 0 0 1 0 1 1 1 1 0 1 1 1 1 0 0 0 0 0 1 0 1 1 1 1 0 1 0 
1 0 1 1 0 0 1 0 1 0 0 1 0 0 1 1 1 1 0 1 1 1 0 0 0 0 1 1 0 1 1 1 0 1 1 0 1 0 1 1 1 0 1 0 1 
0 0 0 1 0 0 0 1 0 0 0 1 1 0 1 0 1 1 0 1 0 0 1 0 1 1 1 1 1 1 0 0 1 1 0 0 0 0 1 1 1 0 1 0 1 
0 1 1 1 1 0 0 1 0 0 1 1 0 0 0 1 1 1 0 1 1 0 0 0 0 1 1 1 0 0 1 1 0 1 1 0 0 1 1 0 0 1 0 0 1 
0 1 0 1 0 1 1 1 1 0 0 0 1 1 1 0 0 1 1 1 0 1 0 0 0 1 0 1 1 0 1 0 0 1 1 0 1 1 0 1 1 0 1 0 0 
0 0 1 0 1 1 1 0 1 1 0 0 1 1 0 1 0 0 0 0 1 0 0 0 1 1 0 0 1 1 0 1 1 1 1 1 1 1 1 0 0 0 0 1 1 
0 0 1 0 0 1 1 0 0 1 1 1 0 0 0 0 1 1 1 1 1 1 1 1 0 1 0 0 1 1 0 0 1 0 1 1 0 1 0 1 1 1 0 1 1 
45
1 1 1 0 1 1 1 1 0 0 1 0 0 1 0 0 1 0 0 0 1 1 1 0 0 0 0 0 0 1 1 1 0 0 1 0 1 0 1 0 1 0 1 1 0 
1 1 0 1 1 1 1 0 1 0 1 1 1 1 0 0 0 0 1 0 0 1 1 0 1 0 0 1 1 1 1 0 1 0 1 1 0 1 1 1 1 1 1 0 1 
1 0 1 0 1 0 1 0 1 0 1 1 1 1 1 1 0 0 1 1 1 0 0 1 1 1 0 1 0 1 1 0 1 0 1 0 1 1 1 1 0 0 1 1 1 
0 1 0 1 1 0 1 1 0 1 1 1 0 1 1 0 1 0 0 0 0 1 1 0 1 0 0 0 0 0 1 0 1 1 1 1 1 1 1 1 1 1 1 0 1 
1 1 1 1 1 1 0 1 1 1 1 0 1 1 0 0 1 1 1 1 1 0 1 0 0 1 0 1 1 1 0 1 1 0 0 1 0 0 1 1 0 1 0 0 0 
1 1 0 0 1 1 0 1 1 0 0 1 1 1 0 1 1 1 1 1 1 0 0 0 1 1 1 1 0 0 1 1 0 0 0 1 1 1 1 0 0 0 1 0 1 
1 1 1 1 0 0 1 1 1 0 0 0 1 0 1 1 1 1 1 1 0 0 1 1 1 1 0 0 1 1 0 0 0 1 0 1 1 1 0 1 1 0 1 0 0 
1 0 0 1 1 1 1 1 1 1 0 1 0 0 1 0 1 1 0 1 1 0 1 1 0 1 0 1 0 0 0 1 0 1 1 0 0 0 1 0 1 1 0 0 1 
0 1 1 0 1 1 1 1 1 1 1 1 1 1 1 0 0 1 1 0 1 1 0 1 1 1 0 1 1 0 0 1 1 1 0 0 1 1 1 1 1 1 0 0 1 
0 0 0 1 1 0 0 1 1 1 1 1 0 1 1 1 1 0 0 1 0 0 0 1 1 1 0 1 1 1 0 1 1 0 0 1 1 0 1 1 1 1 1 0 0 
1 1 1 1 1 0 0 0 1 1 1 0 1 0 1 1 1 1 1 1 0 0 0 1 0 1 1 1 1 0 1 0 1 0 1 1 1 0 1 1 0 1 0 1 1 
0 1 1 1 0 1 0 1 1 1 0 1 1 0 1 1 1 1 0 1 1 1 0 0 1 0 1 1 0 0 1 1 1 1 1 0 0 1 0 0 0 1 1 1 0 
0 1 1 0 1 1 1 0 1 0 1 1 1 0 0 0 1 1 0 1 0 0 0 1 0 1 0 0 1 1 0 0 0 1 1 0 0 1 1 0 1 0 1 0 0 
1 1 1 1 1 1 0 0 1 1 0 0 0 1 1 0 1 1 0 0 1 1 1 1 0 1 0 0 1 1 1 0 0 1 1 1 1 1 0 1 0 1 1 0 1 
0 0 1 1 0 0 1 1 1 1 1 1 0 1 1 1 1 1 1 0 0 1 1 1 0 1 1 0 1 0 1 0 1 0 0 0 0 1 1 1 1 1 0 1 0 
0 0 1 0 0 1 1 0 0 1 1 1 0 0 1 1 0 0 0 1 0 1 1 0 1 0 1 1 1 0 0 0 1 1 0 0 0 0 0 1 1 1 0 1 0 
1 0 0 1 1 1 1 1 0 1 1 1 1 1 1 0 1 1 1 0 1 1 1 0 1 1 1 1 0 1 1 1 1 1 1 1 1 1 1 1 1 0 0 1 0 
0 0 0 0 1 1 1 1 1 0 1 1 1 1 1 0 1 1 1 1 1 1 1 1 1 1 1 0 1 1 0 1 1 0 0 1 1 1 1 1 0 1 1 0 1 
0 1 1 0 1 1 1 0 1 0 1 0 0 0 1 0 1 1 1 0 0 1 1 0 0 1 1 0 1 0 0 1 1 1 0 1 0 0 1 1 0 0 1 0 1 
0 0 1 0 1 1 1 1 0 1 1 1 1 0 0 1 0 1 0 1 0 0 0 1 1 1 0 1 0 1 1 0 1 1 1 0 0 1 1 1 1 1 1 0 1 
1 0 1 0 1 1 0 1 1 0 0 1 0 1 0 0 1 1 0 0 1 1 1 1 0 1 1 0 0 0 1 1 1 1 0 1 0 0 0 1 0 1 1 1 1 
1 1 0 1 0 0 0 0 1 0 0 1 0 1 1 1 1 1 1 0 1 1 0 0 1 1 0 1 0 1 1 1 1 0 1 1 0 0 0 1 0 0 0 1 1 
1 1 0 1 1 0 1 1 0 0 0 0 0 1 1 1 1 1 1 0 1 0 1 0 1 0 1 0 1 1 0 1 1 0 0 1 1 0 1 1 1 0 1 1 0 
0 0 1 0 0 0 1 1 1 1 1 0 1 1 1 0 0 1 0 1 1 0 0 1 0 1 1 1 0 0 1 1 1 0 0 1 1 0 1 0 1 1 1 1 1 
0 1 1 1 0 1 1 0 1 1 0 1 0 0 0 1 1 1 0 1 0 1 1 0 1 1 1 1 1 1 1 1 1 1 1 0 0 1 1 0 0 1 0 1 1 
0 0 1 0 1 1 1 1 1 1 1 0 1 1 1 0 1 1 1 1 1 1 0 1 1 1 0 1 1 1 1 1 0 1 1 1 1 0 1 1 1 0 1 1 0 
0 0 0 0 0 1 0 0 0 0 1 1 0 0 1 1 1 1 1 0 1 0 1 1 1 0 1 1 0 1 1 0 1 1 0 1 0 1 0 0 0 0 0 1 1 
0 1 1 0 1 1 0 1 1 1 1 1 0 0 0 1 1 0 0 1 0 1 0 1 1 1 1 1 0 0 1 1 0 0 1 1 1 0 1 0 0 0 1 1 1 
0 1 0 0 1 0 1 0 1 1 1 0 1 1 1 1 0 1 1 0 0 0 1 0 1 1 0 0 1 0 0 1 1 0 0 1 0 1 1 1 1 0 0 1 1 
1 1 1 0 1 0 1 0 0 1 0 0 1 1 0 0 1 1 0 1 0 1 1 0 1 1 1 0 0 1 1 0 1 1 0 0 1 0 1 1 0 1 0 0 0 
1 1 1 1 0 1 0 0 0 0 1 1 0 1 1 0 1 0 0 1 1 1 0 1 1 1 1 1 0 1 1 1 1 0 1 1 1 1 1 1 1 1 1 1 1 
1 0 0 0 1 1 0 1 1 1 0 1 0 0 0 0 1 1 1 0 1 1 1 1 1 1 0 1 1 0 1 1 1 1 0 0 1 1 0 1 1 1 1 1 1 
0 1 1 1 1 0 0 0 1 1 1 1 0 0 1 1 1 1 1 1 1 1 1 1 1 0 1 0 1 1 1 1 1 1 0 1 1 1 1 1 1 1 0 0 1 
0 0 0 1 0 0 1 1 1 0 0 1 1 1 0 1 1 0 1 1 1 0 0 0 1 1 1 0 0 1 0 1 1 1 0 0 0 1 1 1 1 1 1 1 1 
1 1 1 1 0 0 0 1 0 0 1 1 1 1 0 0 1 0 0 1 0 1 0 0 1 1 0 1 0 0 1 0 0 0 1 1 1 1 1 0 1 0 1 1 1 
0 1 0 1 1 1 1 0 0 1 1 0 0 1 0 0 1 1 1 0 1 1 1 1 0 1 1 1 1 0 1 0 1 0 1 1 1 1 1 0 0 0 0 1 0 
1 0 1 1 0 1 1 0 1 1 1 0 0 1 0 0 1 1 0 0 0 0 1 1 0 1 0 1 0 1 1 1 1 0 1 1 1 1 0 0 0 1 0 1 1 
0 1 1 1 0 1 1 0 1 0 0 1 1 1 1 0 1 1 0 1 0 0 0 0 1 0 1 0 1 0 1 1 1 1 1 1 1 1 1 0 1 1 1 0 0 
1 1 1 1 1 1 0 1 1 1 1 0 1 0 1 0 1 1 1 1 0 0 1 1 1 1 0 1 1 1 1 0 1 1 1 1 0 1 1 1 1 1 0 1 1 
0 1 1 1 1 0 1 0 1 1 1 0 0 1 1 1 1 1 1 1 1 1 1 0 0 1 0 0 1 1 1 1 1 1 0 0 0 0 1 1 1 1 1 0 1 
1 1 0 1 0 0 1 1 1 1 0 0 1 0 1 1 1 0 0 1 0 0 1 1 0 1 0 0 1 0 1 1 1 1 1 0 0 1 1 1 1 1 1 1 0 
0 1 0 1 1 0 0 1 1 1 1 1 0 1 1 1 0 1 0 1 1 0 0 1 1 0 0 0 0 1 1 1 1 1 0 0 1 1 1 1 1 1 1 1 1 
1 1 1 1 0 1 1 0 0 1 0 1 1 1 0 0 0 1 1 1 1 0 1 1 0 1 0 1 0 0 1 1 0 1 1 0 0 1 0 1 1 1 1 1 0 
1 0 1 0 0 0 0 0 0 0 1 1 0 0 1 1 1 0 0 0 1 1 1 1 1 1 1 1 1 0 1 1 0 1 1 1 1 0 1 0 1 1 1 1 1 
0 1 1 1 0 1 0 1 1 0 1 0 0 1 0 0 0 1 1 1 1 1 0 1 1 0 1 1 1 0 1 1 1 1 1 0 1 0 1 1 0 1 0 1 1 
45
1 1 0 1 1 1 1 0 0 1 1 1 1 1 0 1 1 1 0 1 1 0 0 1 0 0 0 1 1 1 1 1 1 0 1 1 0 0 0 1 0 1 0 1 1 
1 1 1 0 0 1 0 1 0 1 1 1 0 1 1 0 1 1 1 1 1 0 1 1 1 1 0 1 1 1 1 0 1 1 1 1 0 1 1 1 0 0 1 1 1 
0 1 1 1 1 1 0 1 1 1 1 0 1 1 1 1 1 1 1 1 1 1 1 1 1 1 1 1 1 1 1 1 1 1 0 0 1 1 1 1 1 1 1 1 0 
1 0 1 1 0 1 1 1 0 1 0 0 0 1 0 0 1 0 1 0 1 0 1 1 0 1 1 1 1 1 1 1 1 1 1 1 1 1 0 0 1 0 1 0 1 
1 0 1 0 1 1 0 1 1 1 1 1 1 0 1 1 1 1 0 1 1 0 1 0 1 1 1 1 1 1 0 1 1 1 1 1 1 1 1 0 0 0 1 0 1 
1 1 1 1 1 1 1 1 1 1 0 1 0 1 1 0 0 1 1 1 1 1 0 1 0 0 0 1 0 0 1 1 1 0 1 1 0 1 1 1 1 1 1 0 1 
1 0 0 1 0 1 1 1 1 0 1 1 0 1 1 0 0 1 1 1 1 1 1 0 1 1 1 1 0 0 1 1 1 1 0 0 1 1 1 1 1 1 1 1 0 
0 1 1 1 1 1 1 1 1 1 0 1 1 1 1 0 0 0 0 1 1 0 1 1 1 0 0 0 0 0 1 0 1 1 0 1 1 0 1 1 1 1 1 1 1 
0 0 1 0 1 1 1 1 1 1 1 1 1 1 1 1 0 1 0 1 1 0 1 1 1 0 0 1 0 1 1 1 0 1 1 1 1 1 1 1 1 1 1 1 1 
1 1 1 1 1 1 0 1 1 1 1 1 1 0 1 0 1 0 0 1 1 1 1 1 1 0 1 1 1 1 0 0 1 1 0 1 1 1 1 0 1 1 0 0 0 
1 1 1 0 1 0 1 0 1 1 1 1 0 1 1 1 1 1 1 1 1 1 0 0 1 0 1 1 1 0 1 1 0 0 1 0 1 1 0 1 0 1 1 1 0 
1 1 0 0 1 1 1 1 1 1 1 1 0 0 0 1 0 1 1 0 1 1 0 0 0 1 1 0 1 0 1 0 1 1 0 1 1 0 1 0 1 1 0 1 1 
1 0 1 0 1 0 0 1 1 1 0 0 1 1 1 1 1 1 0 0 1 1 1 0 1 0 0 0 1 0 1 0 1 1 1 1 1 1 1 1 1 1 0 1 1 
1 1 1 1 0 1 1 1 1 0 1 0 1 1 1 1 0 1 1 1 1 1 1 0 1 0 1 1 1 1 1 0 0 1 0 1 1 1 1 1 0 0 1 0 1 
0 1 1 0 1 1 1 1 1 1 1 0 1 1 1 0 1 1 1 1 1 1 1 1 1 1 1 0 0 1 1 0 1 1 1 1 1 1 1 0 1 1 1 1 1 
1 0 1 0 1 0 0 0 1 0 1 1 1 1 0 1 1 0 1 1 1 0 1 1 0 1 1 1 1 1 1 0 1 1 0 0 1 1 1 1 0 1 1 1 0 
1 1 1 1 1 0 0 0 0 1 1 0 1 0 1 1 1 1 1 0 1 1 1 1 0 0 0 1 1 0 1 1 1 1 1 1 1 0 1 0 1 1 1 1 1 
1 1 1 0 1 1 1 0 1 0 1 1 1 1 1 0 1 1 1 0 1 1 0 1 1 1 1 0 1 1 0 1 1 0 1 1 0 0 1 1 0 0 1 0 1 
0 1 1 1 0 1 1 0 0 0 1 1 0 1 1 1 1 1 1 0 1 0 1 1 0 1 1 1 0 0 1 1 1 1 1 1 1 1 0 0 1 0 1 1 1 
1 1 1 0 1 1 1 1 1 1 1 0 0 1 1 1 0 0 0 1 0 0 1 1 1 1 1 1 1 1 1 1 1 1 0 1 1 1 1 0 0 1 0 0 1 
1 1 1 1 1 1 1 1 1 1 1 1 1 1 1 1 1 1 1 0 1 1 0 1 1 0 1 1 1 0 0 1 1 0 1 1 1 0 1 1 1 1 1 1 1 
0 0 1 0 0 1 1 0 0 1 1 1 1 1 1 0 1 1 0 0 1 1 0 0 1 0 1 1 1 0 0 1 1 1 0 1 0 0 0 1 0 1 1 0 0 
0 1 1 1 1 0 1 1 1 1 0 0 1 1 1 1 1 0 1 1 0 0 1 1 1 1 0 1 1 0 1 0 1 0 0 0 1 1 0 1 0 1 1 0 1 
1 1 1 1 0 1 0 1 1 1 0 0 0 0 1 1 1 1 1 1 1 0 1 1 1 0 1 1 1 1 1 1 1 1 1 1 1 1 1 0 0 1 1 1 1 
0 1 1 0 1 0 1 1 1 1 1 0 1 1 1 0 0 1 0 1 1 1 1 1 1 1 1 1 1 0 1 0 1 0 1 0 1 1 0 0 0 0 1 0 1 
0 1 1 1 1 0 1 0 0 0 0 1 0 0 1 1 0 1 1 1 0 0 1 0 1 1 1 0 0 1 1 1 0 1 1 0 1 1 1 0 1 0 0 1 0 
0 0 1 1 1 0 1 0 0 1 1 1 0 1 1 1 0 1 1 1 1 1 0 1 1 1 1 1 1 1 0 0 1 1 1 1 1 0 1 0 1 1 1 1 1 
1 1 1 1 1 1 1 0 1 1 1 0 0 1 0 1 1 0 1 1 1 1 1 1 1 0 1 1 0 0 1 1 1 0 1 1 1 0 1 0 1 1 1 1 1 
1 1 1 1 1 0 0 0 0 1 1 1 1 1 0 1 1 1 0 1 1 1 1 1 1 0 1 0 1 1 0 1 1 1 1 1 1 0 1 0 0 1 1 1 0 
1 1 1 1 1 0 0 0 1 1 0 0 0 1 1 1 0 1 0 1 0 0 0 1 0 1 1 0 1 1 1 1 1 1 1 0 0 0 1 1 1 0 0 1 1 
1 1 1 1 0 1 1 1 1 0 1 1 1 1 1 1 1 0 1 1 0 0 1 1 1 1 0 1 0 1 1 1 0 1 1 0 0 0 1 1 1 0 0 0 1 
1 0 1 1 1 1 1 0 1 0 1 0 0 0 0 0 1 1 1 1 1 1 0 1 0 1 0 1 1 1 1 1 0 0 0 1 1 1 1 1 1 1 1 1 1 
1 1 1 1 1 1 1 1 0 1 0 1 1 0 1 1 1 1 1 1 1 1 1 1 1 0 1 1 1 1 0 0 1 1 1 1 1 1 1 1 1 1 1 0 1 
0 1 1 1 1 0 1 1 1 1 0 1 1 1 1 1 1 0 1 1 0 1 0 1 0 1 1 0 1 1 1 0 1 1 0 1 1 0 0 0 1 1 1 1 0 
1 1 0 1 1 1 0 0 1 0 1 0 1 0 1 0 1 1 1 0 1 0 0 1 1 1 1 1 1 1 1 0 1 0 1 0 1 1 0 1 0 1 1 1 1 
1 1 0 1 1 1 0 1 1 1 0 1 1 1 1 0 1 1 1 1 1 1 0 1 0 0 1 1 1 0 0 1 1 1 0 1 1 1 0 0 1 0 0 1 1 
0 0 1 1 1 0 1 1 1 1 1 1 1 1 1 1 1 0 1 1 1 0 1 1 1 1 1 1 1 0 0 1 1 1 1 1 1 1 0 1 1 1 0 1 1 
0 1 1 1 1 1 1 0 1 1 1 0 1 1 1 1 0 0 1 1 0 0 1 1 1 1 0 0 0 0 0 1 1 0 1 1 1 1 1 1 1 0 1 1 1 
0 1 1 0 1 1 1 1 1 1 0 1 1 1 1 1 1 1 0 1 1 0 0 1 0 1 1 1 1 1 1 1 1 0 0 0 0 1 1 1 1 0 0 1 1 
1 1 1 0 0 1 1 1 1 0 1 0 1 1 0 1 0 1 0 0 1 1 1 0 0 0 0 0 0 1 1 1 1 0 1 0 1 1 1 1 1 1 0 1 1 
0 0 1 1 0 1 1 1 1 1 0 1 1 0 1 0 1 0 1 0 1 0 0 0 0 1 1 1 0 1 1 1 1 1 0 1 1 1 1 1 1 1 1 1 1 
1 0 1 0 0 1 1 1 1 1 1 1 1 0 1 1 1 0 0 1 1 1 1 1 0 0 1 1 1 0 0 1 1 1 1 0 1 0 0 1 1 1 0 1 1 
0 1 1 1 1 1 1 1 1 0 1 0 0 1 1 1 1 1 1 0 1 1 1 1 1 0 1 1 1 0 0 1 1 1 1 0 0 1 0 0 1 0 1 0 1 
1 1 1 0 0 0 1 1 1 0 1 1 1 0 1 1 1 0 1 0 1 0 0 1 0 1 1 1 1 1 0 1 0 1 1 1 1 1 1 1 1 1 0 1 1 
1 1 0 1 1 1 0 1 1 0 0 1 1 1 1 0 1 1 1 1 1 0 1 1 1 0 1 1 0 1 1 1 1 0 1 1 1 1 1 1 1 1 1 1 1 
50
1 1 0 0 0 1 1 0 0 1 0 0 0 0 1 0 0 1 0 0 1 0 0 0 0 0 0 1 0 0 0 0 0 0 1 0 0 0 0 0 1 0 1 0 0 1 0 0 1 0 
1 1 0 0 0 0 0 0 0 0 0 0 0 1 0 0 1 0 0 0 0 1 0 1 1 1 1 0 0 0 1 0 0 0 0 0 0 0 0 0 0 1 1 0 0 0 1 0 0 0 
0 0 1 1 0 0 0 0 0 0 0 0 0 1 1 1 0 1 1 0 0 1 1 0 1 1 0 0 0 1 0 0 0 0 0 0 1 0 1 1 0 0 0 0 0 0 0 0 1 0 
0 0 1 1 0 0 0 1 0 0 0 0 1 1 1 0 0 1 0 1 1 1 0 1 0 0 0 1 1 0 1 1 1 0 1 0 0 0 1 0 0 1 1 0 0 1 0 0 0 1 
0 0 0 0 1 0 0 0 1 1 0 0 0 0 0 0 1 0 0 0 1 1 0 1 0 1 0 0 1 0 0 0 0 0 0 0 1 0 1 1 0 0 0 0 1 0 0 1 0 1 
1 0 0 0 0 1 0 0 0 1 0 1 1 1 0 1 0 0 0 0 0 0 1 0 1 1 0 0 0 0 0 1 0 0 1 0 0 1 0 0 0 1 1 0 0 0 1 0 0 0 
1 0 0 0 0 0 1 0 0 0 1 1 0 0 0 0 0 0 0 0 1 0 0 1 0 0 0 1 0 0 0 0 1 0 0 1 0 0 0 0 0 1 0 0 0 1 0 0 0 0 
0 0 0 1 0 0 0 1 0 0 0 0 0 1 1 1 1 0 0 0 1 0 1 1 0 0 0 0 0 0 0 0 1 0 1 0 0 1 0 0 1 1 0 0 0 0 1 0 0 1 
0 0 0 0 1 0 0 0 1 0 0 0 1 0 0 1 0 0 1 0 0 1 0 0 0 1 0 0 0 1 1 0 1 0 0 1 0 1 0 0 0 1 1 0 1 1 0 0 0 0 
1 0 0 0 1 1 0 0 0 1 0 0 0 0 0 0 1 1 0 0 0 0 1 0 0 1 1 0 1 0 0 1 0 0 0 1 0 0 1 0 0 0 0 0 1 0 0 1 1 1 
0 0 0 0 0 0 1 0 0 0 1 0 0 0 1 0 0 0 0 0 0 1 0 1 0 0 0 1 0 1 0 0 1 0 1 1 1 0 0 0 0 0 0 0 1 0 0 1 0 0 
0 0 0 0 0 1 1 0 0 0 0 1 0 0 1 0 0 0 1 1 0 1 1 0 1 1 0 1 1 1 1 1 0 0 1 0 1 0 0 0 1 1 0 1 1 0 0 0 1 0 
0 0 0 1 0 1 0 0 1 0 0 0 1 0 0 1 0 0 0 0 0 0 0 0 1 0 0 0 0 0 1 1 0 0 0 0 0 0 0 0 0 0 0 0 0 0 1 0 1 0 
0 1 1 1 0 1 0 1 0 0 0 0 0 1 0 0 0 0 1 0 0 0 0 0 0 0 1 0 0 1 1 0 0 0 0 1 0 0 1 0 0 0 1 0 0 0 0 1 0 0 
1 0 1 1 0 0 0 1 0 0 1 1 0 0 1 1 0 0 0 0 0 0 0 0 0 0 0 0 0 1 1 0 1 1 0 0 0 0 0 0 0 0 0 0 1 1 1 1 0 0 
0 0 1 0 0 1 0 1 1 0 0 0 1 0 1 1 0 0 1 0 0 1 0 0 0 0 0 0 0 1 1 0 0 1 1 0 1 0 0 0 1 0 0 0 0 0 0 0 1 0 
0 1 0 0 1 0 0 1 0 1 0 0 0 0 0 0 1 0 1 0 0 1 1 1 0 0 1 0 0 0 0 0 0 0 0 0 0 0 0 0 0 0 0 1 0 0 1 1 1 0 
1 0 1 1 0 0 0 0 0 1 0 0 0 0 0 0 0 1 0 1 0 0 0 1 1 1 0 0 0 0 1 0 1 0 0 1 0 1 0 0 1 0 1 0 1 0 1 0 0 1 
0 0 1 0 0 0 0 0 1 0 0 1 0 1 0 1 1 0 1 0 0 1 0 1 0 1 1 1 0 0 1 1 0 1 0 0 0 0 1 1 0 1 0 1 0 0 0 0 0 0 
0 0 0 1 0 0 0 0 0 0 0 1 0 0 0 0 0 1 0 1 1 0 0 0 0 0 0 0 0 0 0 0 0 1 0 0 0 0 0 0 0 0 1 0 0 1 0 0 0 0 
1 0 0 1 1 0 1 1 0 0 0 0 0 0 0 0 0 0 0 1 1 0 1 0 0 0 0 0 0 0 0 0 0 0 0 0 1 0 1 0 0 0 0 0 1 0 0 1 0 1 
0 1 1 1 1 0 0 0 1 0 1 1 0 0 0 1 1 0 1 0 0 1 0 1 0 1 0 1 0 0 0 1 0 0 1 0 1 0 0 0 0 0 0 0 0 1 0 0 0 1 
0 0 1 0 0 1 0 1 0 1 0 1 0 0 0 0 1 0 0 0 1 0 1 0 0 0 0 1 0 1 0 0 0 0 1 0 0 1 1 0 1 0 0 0 0 0 1 1 0 1 
0 1 0 1 1 0 1 1 0 0 1 0 0 0 0 0 1 1 1 0 0 1 0 1 0 0 0 0 0 0 0 1 1 0 0 1 0 0 1 0 1 0 0 0 1 0 0 0 1 1 
0 1 1 0 0 1 0 0 0 0 0 1 1 0 0 0 0 1 0 0 0 0 0 0 1 0 0 0 0 0 0 0 0 0 0 0 0 0 0 1 0 0 0 0 0 1 0 1 0 0 
0 1 1 0 1 1 0 0 1 1 0 1 0 0 0 0 0 1 1 0 0 1 0 0 0 1 1 0 1 0 1 0 1 1 0 1 1 0 1 0 0 0 0 1 0 1 0 0 1 0 
0 1 0 0 0 0 0 0 0 1 0 0 0 1 0 0 1 0 1 0 0 0 0 0 0 1 1 0 0 0 0 0 0 1 0 1 0 1 1 1 0 0 0 1 0 1 0 1 1 1 
1 0 0 1 0 0 1 0 0 0 1 1 0 0 0 0 0 0 1 0 0 1 1 0 0 0 0 1 0 1 0 0 1 0 0 1 0 0 0 0 0 1 0 0 0 0 0 0 1 1 
0 0 0 1 1 0 0 0 0 1 0 1 0 0 0 0 0 0 0 0 0 0 0 0 0 1 0 0 1 1 0 0 0 0 0 1 1 0 0 1 0 1 1 0 0 0 0 0 0 1 
0 0 1 0 0 0 0 0 1 0 1 1 0 1 1 1 0 0 0 0 0 0 1 0 0 0 0 1 1 1 0 0 1 0 0 0 0 0 0 0 1 0 0 0 0 0 1 0 1 1 
0 1 0 1 0 0 0 0 1 0 0 1 1 1 1 1 0 1 1 0 0 0 0 0 0 1 0 0 0 0 1 0 0 0 1 1 1 0 0 1 0 0 1 1 1 0 1 1 0 0 
0 0 0 1 0 1 0 0 0 1 0 1 1 0 0 0 0 0 1 0 0 1 0 1 0 0 0 0 0 0 0 1 0 1 1 0 0 0 1 0 1 0 0 0 1 1 0 1 0 1 
0 0 0 1 0 0 1 1 1 0 1 0 0 0 1 0 0 1 0 0 0 0 0 1 0 1 0 1 0 1 0 0 1 0 1 0 0 1 0 0 0 0 0 0 0 1 1 0 1 1 
0 0 0 0 0 0 0 0 0 0 0 0 0 0 1 1 0 0 1 1 0 0 0 0 0 1 1 0 0 0 0 1 0 1 0 1 0 1 0 0 0 0 0 0 0 0 1 0 0 0 
1 0 0 1 0 1 0 1 0 0 1 1 0 0 0 1 0 0 0 0 0 1 1 0 0 0 0 0 0 0 1 1 1 0 1 0 0 0 1 0 1 0 1 0 0 1 1 0 1 0 
0 0 0 0 0 0 1 0 1 1 1 0 0 1 0 0 0 1 0 0 0 0 0 1 0 1 1 1 1 0 1 0 0 1 0 1 1 0 0 0 0 0 1 1 0 1 0 0 0 0 
0 0 1 0 1 0 0 0 0 0 1 1 0 0 0 1 0 0 0 0 1 1 0 0 0 1 0 0 1 0 1 0 0 0 0 1 1 1 1 1 1 1 0 0 0 0 0 0 1 1 
0 0 0 0 0 1 0 1 1 0 0 0 0 0 0 0 0 1 0 0 0 0 1 0 0 0 1 0 0 0 0 0 1 1 0 0 1 1 0 0 1 0 0 1 1 1 1 0 0 0 
0 0 1 1 1 0 0 0 0 1 0 0 0 1 0 0 0 0 1 0 1 0 1 1 0 1 1 0 0 0 0 1 0 0 1 0 1 0 1 1 1 0 0 1 0 0 1 0 0 1 
0 0 1 0 1 0 0 0 0 0 0 0 0 0 0 0 0 0 1 0 0 0 0 0 1 0 1 0 1 0 1 0 0 0 0 0 1 0 1 1 0 0 1 0 0 0 0 1 1 0 
1 0 0 0 0 0 0 1 0 0 0 1 0 0 0 1 0 1 0 0 0 0 1 1 0 0 0 0 0 1 0 1 0 0 1 0 1 1 1 0 1 0 1 0 0 1 0 0 0 0 
0 1 0 1 0 1 1 1 1 0 0 1 0 0 0 0 0 0 1 0 0 0 0 0 0 0 0 1 1 0 0 0 0 0 0 0 1 0 0 0 0 1 0 0 0 0 0 1 1 1 
1 1 0 1 0 1 0 0 1 0 0 0 0 1 0 0 0 1 0 1 0 0 0 0 0 0 0 0 1 0 1 0 0 0 1 1 0 0 0 1 1 0 1 0 1 0 0 0 0 0 
0 0 0 0 0 0 0 0 0 0 0 1 0 0 0 0 1 0 1 0 0 0 0 0 0 1 1 0 0 0 1 0 0 0 0 1 0 1 1 0 0 0 0 1 1 0 0 1 0 1 
0 0 0 0 1 0 0 0 1 1 1 1 0 0 1 0 0 1 0 0 1 0 0 1 0 0 0 0 0 0 1 1 0 0 0 0 0 1 0 0 0 0 1 1 1 0 0 0 0 1 
1 0 0 1 0 0 1 0 1 0 0 0 0 0 1 0 0 0 0 1 0 1 0 0 1 1 1 0 0 0 0 1 1 0 1 1 0 1 0 0 1 0 0 0 0 1 1 0 1 0 
0 1 0 0 0 1 0 1 0 0 0 0 1 0 1 0 1 1 0 0 0 0 1 0 0 0 0 0 0 1 1 0 1 1 1 0 0 1 1 0 0 0 0 0 0 1 1 0 0 0 
0 0 0 0 1 0 0 0 0 1 1 0 0 1 1 0 1 0 0 0 1 0 1 0 1 0 1 0 0 0 1 1 0 0 0 0 0 0 0 1 0 1 0 1 0 0 0 1 0 0 
1 0 1 0 0 0 0 0 0 1 0 1 1 0 0 1 1 0 0 0 0 0 0 1 0 1 1 1 0 1 0 0 1 0 1 0 1 0 0 1 0 1 0 0 0 1 0 0 1 0 
0 0 0 1 1 0 0 1 0 1 0 0 0 0 0 0 0 1 0 0 1 1 1 1 0 0 1 1 1 1 0 1 1 0 0 0 1 0 1 0 0 1 0 1 1 0 0 0 0 1 
50
1 1 0 0 0 1 1 0 0 1 0 1 0 1 0 1 1 1 1 0 0 1 1 0 0 0 1 0 0 0 0 0 0 0 0 0 0 1 0 0 1 0 1 0 0 0 0 1 1 1 
1 1 0 1 0 0 0 0 1 0 1 0 0 0 0 0 0 0 0 0 1 0 0 0 1 0 0 0 0 0 0 0 0 0 1 0 1 0 1 0 0 1 0 0 1 1 1 0 0 0 
0 0 1 0 0 0 0 0 0 1 1 0 1 1 0 0 0 0 1 1 1 0 0 1 1 0 1 0 0 0 1 0 0 1 0 0 1 0 1 1 1 0 1 0 0 1 1 0 0 0 
0 1 0 1 0 0 1 1 1 0 1 0 1 1 1 1 1 0 1 0 1 1 1 1 1 0 1 1 1 1 0 0 1 0 0 0 1 0 1 0 1 0 1 0 0 0 1 1 1 0 
0 0 0 0 1 0 1 0 1 1 0 1 0 0 1 1 1 1 1 0 0 0 1 1 0 0 1 0 1 1 1 0 0 1 0 0 1 0 0 1 0 0 1 1 1 1 1 0 1 1 
1 0 0 0 0 1 0 0 0 1 1 0 0 0 1 0 1 0 1 1 1 1 0 0 1 1 1 1 1 0 1 1 1 0 0 1 1 1 1 1 0 1 1 0 0 0 0 0 0 0 
1 0 0 1 1 0 1 0 0 1 0 1 0 0 0 1 0 0 0 1 1 0 0 1 0 0 1 0 0 1 1 0 0 1 0 0 0 1 1 1 1 0 0 0 0 1 0 1 0 0 
0 0 0 1 0 0 0 1 1 0 0 0 0 1 1 0 1 0 1 0 0 0 1 0 1 0 1 0 0 0 0 0 0 1 0 0 0 1 1 0 1 1 1 0 0 0 0 1 0 1 
0 1 0 1 1 0 0 1 1 0 0 1 0 0 1 0 1 1 0 1 0 0 0 1 0 0 0 0 1 1 1 0 1 0 1 0 0 1 1 0 1 0 1 1 1 0 0 1 0 0 
1 0 1 0 1 1 1 0 0 1 0 0 1 1 1 1 0 0 1 1 0 1 0 1 0 1 0 0 0 0 0 0 1 0 0 1 1 1 1 0 0 1 0 0 1 1 0 1 1 0 
0 1 1 1 0 1 0 0 0 0 1 0 1 0 0 0 1 1 1 0 0 0 0 0 1 0 0 1 0 0 1 1 0 1 0 1 0 1 0 0 1 0 0 0 0 1 0 0 0 0 
1 0 0 0 1 0 1 0 1 0 0 1 0 0 1 0 0 1 0 0 0 1 0 1 0 1 0 1 1 0 0 1 1 0 0 0 1 1 1 1 0 1 0 0 1 1 0 1 0 1 
0 0 1 1 0 0 0 0 0 1 1 0 1 0 1 0 0 1 0 1 0 1 0 1 1 0 1 0 0 1 0 0 1 1 1 0 0 1 1 0 1 0 0 1 1 1 0 0 0 0 
1 0 1 1 0 0 0 1 0 1 0 0 0 1 0 1 0 0 1 0 1 0 0 1 0 0 0 0 0 0 1 0 1 0 0 0 0 1 0 1 0 0 1 0 0 1 0 0 1 1 
0 0 0 1 1 1 0 1 1 1 0 1 1 0 1 0 0 1 1 0 1 0 1 0 1 0 0 1 0 1 1 1 0 1 0 0 1 0 1 1 0 1 1 1 0 0 0 1 0 0 
1 0 0 1 1 0 1 0 0 1 0 0 0 1 0 1 0 0 0 1 1 0 0 1 1 1 1 1 0 0 0 0 0 0 0 0 1 1 1 1 1 0 0 0 1 0 0 1 0 0 
1 0 0 1 1 1 0 1 1 0 1 0 0 0 0 0 1 1 1 1 0 1 1 0 1 0 0 1 1 0 1 1 0 0 1 1 0 0 0 0 0 1 0 1 1 0 1 1 1 1 
1 0 0 0 1 0 0 0 1 0 1 1 1 0 1 0 1 1 0 0 0 0 1 0 0 0 0 0 0 1 1 1 0 0 1 1 0 0 0 1 1 1 1 0 1 1 0 0 0 0 
1 0 1 1 1 1 0 1 0 1 1 0 0 1 1 0 1 0 1 1 0 0 0 1 1 0 1 0 0 0 0 1 1 1 1 0 0 1 1 1 0 0 0 1 0 1 0 1 0 1 
0 0 1 0 0 1 1 0 1 1 0 0 1 0 0 1 1 0 1 1 1 0 1 0 0 1 0 1 0 0 1 0 0 0 0 0 0 0 0 0 0 1 1 1 1 1 0 0 0 0 
0 1 1 1 0 1 1 0 0 0 0 0 0 1 1 1 0 0 0 1 1 0 1 1 0 0 0 0 1 0 1 1 0 0 0 1 0 0 0 0 1 1 1 0 0 1 1 0 0 0 
1 0 0 1 0 1 0 0 0 1 0 1 1 0 0 0 1 0 0 0 0 1 0 1 0 0 0 0 0 1 0 1 0 1 1 0 0 0 0 0 1 0 0 1 0 1 0 0 1 0 
1 0 0 1 1 0 0 1 0 0 0 0 0 0 1 0 1 1 0 1 1 0 1 1 0 0 0 0 1 1 0 0 0 0 1 0 0 0 1 0 1 1 1 0 0 1 0 1 1 0 
0 0 1 1 1 0 1 0 1 1 0 1 1 1 0 1 0 0 1 0 1 1 1 1 0 0 1 0 0 0 0 0 1 1 0 0 0 0 0 1 0 0 1 0 0 0 0 1 0 0 
0 1 1 1 0 1 0 1 0 0 1 0 1 0 1 1 1 0 1 0 0 0 0 0 1 0 0 0 0 1 1 1 0 1 1 0 0 0 1 0 1 1 1 1 0 0 0 0 0 1 
0 0 0 0 0 1 0 0 0 1 0 1 0 0 0 1 0 0 0 1 0 0 0 0 0 1 1 0 1 1 1 0 1 1 1 1 0 1 0 0 1 0 0 1 1 1 0 0 1 1 
1 0 1 1 1 1 1 1 0 0 0 0 1 0 0 1 0 0 1 0 0 0 0 1 0 1 1 1 0 1 1 0 0 1 0 1 1 1 1 0 1 0 0 1 0 1 1 0 0 0 
0 0 0 1 0 1 0 0 0 0 1 1 0 0 1 1 1 0 0 1 0 0 0 0 0 0 1 1 1 0 0 0 0 1 1 0 0 0 1 1 0 1 0 1 0 1 0 0 1 1 
0 0 0 1 1 1 0 0 1 0 0 1 0 0 0 0 1 0 0 0 1 0 1 0 0 1 0 1 1 1 0 0 0 0 0 0 1 0 0 0 0 0 0 1 0 1 1 1 0 1 
0 0 0 1 1 0 1 0 1 0 0 0 1 0 1 0 0 1 0 0 0 1 1 0 1 1 1 0 1 1 0 1 0 1 1 0 0 1 0 0 0 1 1 0 1 1 1 0 1 0 
0 0 1 0 1 1 1 0 1 0 1 0 0 1 1 0 1 1 0 1 1 0 0 0 1 1 1 0 0 0 1 0 1 0 0 0 0 0 1 1 0 0 1 0 0 0 0 1 0 0 
0 0 0 0 0 1 0 0 0 0 1 1 0 0 1 0 1 1 1 0 1 1 0 0 1 0 0 0 0 1 0 1 1 1 0 1 0 0 0 1 0 0 1 1 1 0 1 0 1 1 
0 0 0 1 0 1 0 0 1 1 0 1 1 1 0 0 0 0 1 0 0 0 0 1 0 1 0 0 0 0 1 1 1 1 0 1 1 0 0 1 0 1 1 1 0 0 0 0 0 1 
0 0 1 0 1 0 1 1 0 0 1 0 1 0 1 0 0 0 1 0 0 1 0 1 1 1 1 1 0 1 0 1 1 1 1 0 0 1 0 1 1 0 0 0 0 0 0 0 1 0 
0 1 0 0 0 0 0 0 1 0 0 0 1 0 0 0 1 1 1 0 0 1 1 0 1 1 0 1 0 1 0 0 0 1 1 0 0 0 0 0 1 1 0 0 1 1 0 0 1 0 
0 0 0 0 0 1 0 0 0 1 1 0 0 0 0 0 1 1 0 0 1 0 0 0 0 1 1 0 0 0 0 1 1 0 0 1 1 0 1 1 1 1 1 0 0 0 1 0 0 1 
0 1 1 1 1 1 0 0 0 1 0 1 0 0 1 1 0 0 0 0 0 0 0 0 0 0 1 0 1 0 0 0 1 0 0 1 1 1 0 0 1 0 1 0 0 1 1 1 1 1 
1 0 0 0 0 1 1 1 1 1 1 1 1 1 0 1 0 0 1 0 0 0 0 0 0 1 1 0 0 1 0 0 0 1 0 0 1 1 0 1 1 0 1 1 1 0 1 0 0 1 
0 1 1 1 0 1 1 1 1 1 0 1 1 0 1 1 0 0 1 0 0 0 1 0 1 0 1 1 0 0 1 0 0 0 0 1 0 0 1 0 1 1 1 1 1 0 0 0 0 0 
0 0 1 0 1 1 1 0 0 0 0 1 0 1 1 1 0 1 1 0 0 0 0 1 0 0 0 1 0 0 1 1 1 1 0 1 0 1 0 1 1 0 0 0 0 1 0 0 1 1 
1 0 1 1 0 0 1 1 1 0 1 0 1 0 0 1 0 1 0 0 1 1 1 0 1 1 1 0 0 0 0 0 0 1 1 1 1 1 1 1 1 0 1 0 0 1 0 0 1 1 
0 1 0 0 0 1 0 1 0 1 0 1 0 0 1 0 1 1 0 1 1 0 1 0 1 0 0 1 0 1 0 0 1 0 1 1 0 0 1 0 0 1 0 1 1 0 0 1 0 0 
1 0 1 1 1 1 0 1 1 0 0 0 0 1 1 0 0 1 0 1 1 0 1 1 1 0 0 0 0 1 1 1 1 0 0 1 1 1 1 0 1 0 1 1 0 0 0 0 0 0 
0 0 0 0 1 0 0 0 1 0 0 0 1 0 1 0 1 0 1 1 0 1 0 0 1 1 1 1 1 0 0 1 1 0 0 0 0 1 1 0 0 1 1 1 1 0 1 1 1 0 
0 1 0 0 1 0 0 0 1 1 0 1 1 0 0 1 1 1 0 1 0 0 0 0 0 1 0 0 0 1 0 1 0 0 1 0 0 1 1 0 0 1 0 1 1 0 1 0 0 0 
0 1 1 0 1 0 1 0 0 1 1 1 1 1 0 0 0 1 1 1 1 1 1 0 0 1 1 1 1 1 0 0 0 0 1 0 1 0 0 1 1 0 0 0 0 1 0 0 0 1 
0 1 1 1 1 0 0 0 0 0 0 0 0 0 0 0 1 0 0 0 1 0 0 0 0 0 1 0 1 1 0 1 0 0 0 1 1 1 0 0 0 0 0 1 1 0 1 1 0 1 
1 0 0 1 0 0 1 1 1 1 0 1 0 0 1 1 1 0 1 0 0 0 1 1 0 0 0 0 1 0 1 0 0 0 0 0 1 0 0 0 0 1 0 1 0 0 1 1 0 1 
1 0 0 1 1 0 0 0 0 1 0 0 0 1 0 0 1 0 0 0 0 1 1 0 0 1 0 1 0 1 0 1 0 1 1 0 1 0 0 1 1 0 0 1 0 0 0 0 1 1 
1 0 0 0 1 0 0 1 0 0 0 1 0 1 0 0 1 0 1 0 0 0 0 0 1 1 0 1 1 0 0 1 1 0 0 1 1 1 0 1 1 0 0 0 0 1 1 1 1 1 
50
1 1 1 0 0 1 1 1 1 1 1 1 0 1 0 0 1 0 0 1 1 0 0 1 0 0 1 1 0 1 1 0 0 1 0 0 0 1 1 1 1 0 0 1 1 0 1 1 0 0 
1 1 1 0 0 0 1 1 1 1 1 1 0 1 1 1 1 1 1 0 0 1 1 0 0 1 1 0 0 1 0 0 1 0 1 1 0 0 1 0 1 1 1 0 0 0 0 1 0 0 
1 1 1 1 0 1 0 1 1 1 0 0 0 1 1 1 1 1 1 1 1 0 0 0 1 0 1 1 0 0 0 0 1 1 0 1 0 0 0 1 1 1 0 0 0 0 1 0 0 1 
0 0 1 1 1 0 1 0 1 0 1 1 1 1 0 1 0 0 1 1 0 1 0 0 0 0 0 0 0 0 1 1 1 1 1 0 1 1 1 1 0 0 1 1 0 1 0 1 1 1 
0 0 0 1 1 0 0 1 1 1 1 1 1 1 1 0 1 0 0 1 1 1 1 0 1 0 0 1 0 1 0 1 0 0 0 0 0 0 0 0 1 0 0 0 0 1 1 0 1 1 
1 0 1 0 0 1 0 1 0 1 0 1 1 0 0 1 0 1 0 0 1 0 1 0 0 0 1 0 0 1 0 0 0 0 0 0 0 1 1 0 1 0 0 0 1 0 1 1 0 1 
1 1 0 1 0 0 1 1 1 1 1 0 1 1 0 0 1 1 0 1 0 0 0 1 1 1 0 1 0 0 1 1 0 1 0 1 1 1 1 0 1 1 0 0 0 1 0 1 1 0 
1 1 1 0 1 1 1 1 0 0 0 0 1 0 1 1 0 0 0 0 1 0 0 1 0 0 1 1 1 1 0 0 1 0 1 1 0 1 0 0 1 1 1 0 1 1 0 0 1 0 
1 1 1 1 1 0 1 0 1 1 0 0 0 1 0 1 1 1 1 1 0 0 0 1 0 0 1 0 0 1 0 1 0 1 1 1 0 1 0 0 1 1 0 1 0 1 0 0 1 0 
1 1 1 0 1 1 1 0 1 1 0 1 0 1 0 1 1 0 1 0 0 1 0 0 0 0 1 0 1 0 0 1 1 1 0 0 1 1 0 0 0 1 1 1 1 0 1 0 1 1 
1 1 0 1 1 0 1 0 0 0 1 0 0 1 1 0 0 1 0 1 1 1 1 1 0 0 1 1 0 1 1 0 0 0 1 1 0 0 0 1 0 1 1 1 1 0 0 1 0 1 
1 1 0 1 1 1 0 0 0 1 0 1 0 0 0 0 1 1 0 1 0 1 1 1 0 1 0 0 1 0 0 1 0 0 1 0 1 0 1 1 1 0 0 1 0 1 0 0 0 0 
0 0 0 1 1 1 1 1 0 0 0 0 1 1 0 1 0 1 0 1 1 1 0 1 1 1 0 0 0 1 1 1 0 0 0 1 0 1 1 0 1 1 0 0 1 1 1 1 1 0 
1 1 1 1 1 0 1 0 1 1 1 0 1 1 0 1 0 1 0 1 1 0 0 1 0 0 0 1 1 1 1 0 1 1 1 0 1 1 1 0 1 1 0 0 1 1 0 1 0 0 
0 1 1 0 1 0 0 1 0 0 1 0 0 0 1 0 1 1 0 1 0 1 1 0 1 0 0 0 1 0 0 0 0 0 0 1 1 0 1 1 1 0 1 1 1 1 1 1 0 1 
0 1 1 1 0 1 0 1 1 1 0 0 1 1 0 1 0 1 1 1 0 1 1 1 0 1 0 1 1 1 1 1 0 1 1 1 1 1 0 0 1 1 0 1 1 0 1 0 1 0 
1 1 1 0 1 0 1 0 1 1 0 1 0 0 1 0 1 0 0 1 0 0 1 1 0 0 1 1 1 0 1 1 0 0 1 1 1 0 1 1 1 0 1 1 0 0 1 1 0 1 
0 1 1 0 0 1 1 0 1 0 1 1 1 1 1 1 0 1 0 0 1 1 0 1 1 0 0 1 1 0 0 0 1 1 1 1 0 0 0 1 0 0 1 1 1 0 0 1 0 0 
0 1 1 1 0 0 0 0 1 1 0 0 0 0 0 1 0 0 1 0 1 1 1 0 1 1 1 0 0 1 0 0 0 1 1 1 0 1 0 0 1 1 0 0 1 0 1 1 1 1 
1 0 1 1 1 0 1 0 1 0 1 1 1 1 1 1 1 0 0 1 0 0 1 1 0 1 0 0 1 1 1 0 1 1 0 1 0 0 1 1 1 1 1 0 1 1 1 0 0 1 
1 0 1 0 1 1 0 1 0 0 1 0 1 1 0 0 0 1 1 0 1 1 0 1 1 0 0 1 0 1 0 1 0 0 1 0 0 0 1 1 1 1 0 0 1 0 0 0 1 1 
0 1 0 1 1 0 0 0 0 1 1 1 1 0 1 1 0 1 1 0 1 1 0 0 1 0 0 0 0 0 0 0 0 1 0 0 1 1 0 1 1 0 0 1 0 1 1 1 0 1 
0 1 0 0 1 1 0 0 0 0 1 1 0 0 1 1 1 0 1 1 0 0 1 0 1 1 0 1 0 0 1 0 0 1 0 1 0 0 0 0 0 0 0 1 1 0 1 1 1 1 
1 0 0 0 0 0 1 1 1 0 1 1 1 1 0 1 1 1 0 1 1 0 0 1 1 0 1 0 1 1 0 1 1 1 0 0 0 0 1 0 0 1 0 0 0 0 0 0 1 1 
0 0 1 0 1 0 1 0 0 0 0 0 1 0 1 0 0 1 1 0 1 1 1 1 1 0 0 0 0 1 0 1 0 1 0 1 0 1 0 1 1 1 1 1 0 0 0 1 0 1 
0 1 0 0 0 0 1 0 0 0 0 1 1 0 0 1 0 0 1 1 0 0 1 0 0 1 0 1 0 1 1 1 0 1 1 0 0 1 0 1 1 0 1 1 0 0 0 1 0 0 
1 1 1 0 0 1 0 1 1 1 1 0 0 0 0 0 1 0 1 0 0 0 0 1 0 0 1 0 0 1 1 1 0 0 1 1 1 1 1 0 0 0 1 0 1 1 1 1 0 0 
1 0 1 0 1 0 1 1 0 0 1 0 0 1 0 1 1 1 0 0 1 0 1 0 0 1 0 1 0 1 0 1 0 1 0 1 1 1 0 1 1 1 1 1 0 1 0 0 1 0 
0 0 0 0 0 0 0 1 0 1 0 1 0 1 1 1 1 1 0 1 0 0 0 1 0 0 0 0 1 0 1 1 1 1 0 1 0 0 1 0 0 0 0 1 0 1 1 1 0 1 
1 1 0 0 1 1 0 1 1 0 1 0 1 1 0 1 0 0 1 1 1 0 0 1 1 1 1 1 0 1 0 0 1 1 0 0 1 1 0 0 1 0 0 1 1 1 0 1 1 1 
1 0 0 1 0 0 1 0 0 0 1 0 1 1 0 1 1 0 0 1 0 0 1 0 0 1 1 0 1 0 1 1 1 1 0 0 1 1 0 1 0 0 1 0 0 1 1 1 1 0 
0 0 0 1 1 0 1 0 1 1 0 1 1 0 0 1 1 0 0 0 1 0 0 1 1 1 1 1 1 0 1 1 1 0 0 0 0 0 1 1 0 0 0 0 1 0 0 1 1 1 
0 1 1 1 0 0 0 1 0 1 0 0 0 1 0 0 0 1 0 1 0 0 0 1 0 0 0 0 1 1 1 1 1 0 1 0 1 0 1 0 1 1 1 1 1 0 0 1 0 0 
1 0 1 1 0 0 1 0 1 1 0 0 0 1 0 1 0 1 1 1 0 1 1 1 1 1 0 1 1 1 1 0 0 1 1 1 0 0 0 0 0 0 0 0 1 1 1 1 1 0 
0 1 0 1 0 0 0 1 1 0 1 1 0 1 0 1 1 1 1 0 1 0 0 0 0 1 1 0 0 0 0 0 1 1 1 1 1 1 0 0 0 0 1 1 0 1 0 0 1 1 
0 1 1 0 0 0 1 1 1 0 1 0 1 0 1 1 1 1 1 1 0 0 1 0 1 0 1 1 1 0 0 0 0 1 1 1 1 1 1 1 0 1 1 1 1 1 1 1 1 0 
0 0 0 1 0 0 1 0 0 1 0 1 0 1 1 1 1 0 0 0 0 1 0 0 0 0 1 1 0 1 1 0 1 0 1 1 1 1 1 1 0 1 0 1 1 0 0 1 0 1 
1 0 0 1 0 1 1 1 1 1 0 0 1 1 0 1 0 0 1 0 0 1 0 0 1 1 1 1 0 1 1 0 0 0 1 1 1 1 1 1 0 0 0 1 0 1 0 0 0 1 
1 1 0 1 0 1 1 0 0 0 0 1 1 1 1 0 1 0 0 1 1 0 0 1 0 0 1 0 1 0 0 1 1 0 0 1 1 1 1 1 0 0 1 1 1 1 1 0 0 0 
1 0 1 1 0 0 0 0 0 0 1 1 0 0 1 0 1 1 0 1 1 1 0 0 1 1 0 1 0 0 1 1 0 0 0 1 1 1 1 1 0 1 0 0 0 0 1 1 0 0 
1 1 1 0 1 1 1 1 1 0 0 1 1 1 1 1 1 0 1 1 1 1 0 0 1 1 0 1 0 1 0 0 1 0 0 0 0 0 0 0 1 0 0 0 1 0 0 1 1 0 
0 1 1 0 0 0 1 1 1 1 1 0 1 1 0 1 0 0 1 1 1 0 0 1 1 0 0 1 0 0 0 0 1 0 0 1 1 0 0 1 0 1 0 0 0 0 1 1 0 0 
0 1 0 1 0 0 0 1 0 1 1 0 0 0 1 0 1 1 0 1 0 0 0 0 1 1 1 1 0 0 1 0 1 0 1 1 0 0 1 0 0 0 1 0 0 0 1 1 1 1 
1 0 0 1 0 0 0 0 1 1 1 1 0 0 1 1 1 1 0 0 0 1 1 0 1 1 0 1 1 1 0 0 1 0 1 1 1 1 1 0 0 0 0 1 0 0 0 1 1 1 
1 0 0 0 0 1 0 1 0 1 1 0 1 1 1 1 0 1 1 1 1 0 1 0 0 0 1 0 0 1 0 1 1 1 0 1 1 0 1 0 1 0 0 0 1 0 1 1 0 1 
0 0 0 1 1 0 1 1 1 0 0 1 1 1 1 0 0 0 0 1 0 1 0 0 0 0 1 1 1 1 1 0 0 1 1 1 0 1 1 0 0 0 0 0 0 1 0 1 0 0 
1 0 1 0 1 1 0 0 0 1 0 0 1 0 1 1 1 0 1 1 0 1 1 0 0 0 1 0 1 0 1 0 0 1 0 1 0 0 1 1 0 1 1 0 1 0 1 0 0 0 
1 1 0 1 0 1 1 0 0 0 1 0 1 1 1 0 1 1 1 0 0 1 1 0 1 1 1 0 1 1 1 1 1 1 0 1 1 0 0 1 1 1 1 1 1 1 0 1 1 0 
0 0 0 1 1 0 1 1 1 1 0 0 1 0 0 1 0 0 1 0 1 0 1 1 0 0 0 1 0 1 1 1 0 1 1 1 0 0 0 0 1 0 1 1 0 0 0 1 1 1 
0 0 1 1 1 1 0 0 0 1 1 0 0 0 1 0 1 0 1 1 1 1 1 1 1 0 0 0 1 1 0 1 0 0 1 0 1 1 0 0 0 0 1 1 1 0 0 0 1 1 
50
1 1 0 0 0 0 1 1 0 0 1 1 0 1 1 1 0 1 1 1 1 1 1 1 0 1 0 0 1 1 1 0 0 1 0 1 0 0 1 1 0 0 0 1 1 0 1 0 1 0 
1 1 1 0 0 1 0 0 1 0 0 0 1 1 1 0 1 0 1 1 1 1 0 1 1 1 0 0 0 1 0 0 0 0 1 1 1 1 1 1 0 0 1 1 1 1 1 1 1 1 
0 1 1 1 1 0 0 0 0 0 1 1 0 0 1 0 1 1 1 0 1 0 1 1 1 1 1 0 0 1 0 1 0 1 0 1 1 0 0 0 1 1 0 1 0 0 0 1 0 1 
0 0 1 1 0 1 0 0 1 0 1 0 1 1 0 0 1 1 0 1 1 1 1 1 1 1 1 1 1 1 1 0 0 1 0 0 0 1 1 1 0 0 1 0 1 1 1 1 1 0 
0 0 1 0 1 0 1 1 0 1 1 1 1 1 1 0 1 1 0 1 1 1 0 0 1 1 1 1 0 1 1 1 0 0 0 0 0 1 1 0 1 1 1 1 1 1 1 1 1 1 
0 1 0 1 0 1 1 1 0 0 1 1 0 1 1 1 0 1 1 1 1 1 0 1 1 1 1 1 1 0 1 1 0 1 1 1 0 1 1 0 1 0 1 1 1 1 1 1 1 1 
1 0 0 0 1 1 1 0 1 1 0 0 1 1 1 1 1 1 0 0 1 0 1 1 0 1 0 0 1 0 0 1 1 1 0 1 0 1 0 0 0 1 0 1 1 0 1 1 1 0 
1 0 0 0 1 1 0 1 0 1 0 1 1 0 1 1 1 1 0 0 0 0 1 1 0 1 1 1 0 1 1 1 1 0 0 1 0 1 1 1 1 1 0 1 1 1 0 1 1 1 
0 1 0 1 0 0 1 0 1 1 1 1 1 0 1 0 1 0 1 1 1 1 0 0 1 1 0 0 1 0 1 1 1 1 1 1 1 1 1 1 1 1 0 1 1 1 1 0 1 1 
0 0 0 0 1 0 1 1 1 1 0 0 1 0 1 1 0 0 0 1 1 1 1 1 0 1 1 1 1 1 1 1 1 1 1 1 1 0 1 0 0 0 0 1 0 0 0 0 1 0 
1 0 1 1 1 1 0 0 1 0 1 1 0 1 0 0 0 1 1 1 1 1 0 0 1 0 0 1 0 1 1 1 0 0 0 0 0 1 1 1 0 0 0 1 0 1 0 0 1 1 
1 0 1 0 1 1 0 1 1 0 1 1 0 0 0 1 0 1 1 0 1 0 1 0 1 0 1 0 0 0 0 1 1 1 1 1 0 0 0 1 1 0 1 0 1 1 1 0 0 1 
0 1 0 1 1 0 1 1 1 1 0 0 1 0 1 1 1 0 0 0 1 1 1 0 1 0 0 0 1 1 0 1 1 1 1 0 0 0 0 0 1 1 0 0 1 1 1 0 1 1 
1 1 0 1 1 1 1 0 0 0 1 0 0 1 0 1 1 1 0 0 0 1 1 1 0 0 0 0 1 1 1 0 1 1 0 1 1 1 1 0 1 1 1 0 1 0 0 1 0 0 
1 1 1 0 1 1 1 1 1 1 0 0 1 0 1 0 1 0 1 1 1 0 0 0 1 0 0 1 1 1 0 0 1 0 1 0 1 1 1 1 1 0 0 0 0 0 0 0 1 0 
1 0 0 0 0 1 1 1 0 1 0 1 1 1 0 1 1 1 1 1 0 1 1 0 0 1 0 1 1 1 1 1 1 1 1 0 0 1 1 1 0 0 0 1 0 1 0 1 1 1 
0 1 1 1 1 0 1 1 1 0 0 0 1 1 1 1 1 1 1 0 0 0 1 1 1 1 0 1 1 0 0 0 0 1 1 1 0 1 1 1 1 0 1 1 1 0 0 0 0 0 
1 0 1 1 1 1 1 1 0 0 1 1 0 1 0 1 1 1 0 1 1 0 1 1 1 0 0 1 0 0 0 1 0 1 0 1 1 0 0 1 0 1 0 1 1 0 0 1 1 1 
1 1 1 0 0 1 0 0 1 0 1 1 0 0 1 1 1 0 1 0 1 0 0 0 0 0 1 0 0 0 1 0 0 0 0 0 0 1 1 1 1 0 1 0 1 1 1 1 1 0 
1 1 0 1 1 1 0 0 1 1 1 0 0 0 1 1 0 1 0 1 1 1 1 0 0 1 0 0 0 0 1 1 1 1 1 0 0 1 0 0 1 1 1 0 1 0 1 0 0 1 
1 1 1 1 1 1 1 0 1 1 1 1 1 0 1 0 0 1 1 1 1 0 1 0 1 1 0 1 0 1 1 0 1 1 0 0 0 0 1 1 1 0 1 1 1 1 0 1 1 1 
1 1 0 1 1 1 0 0 1 1 1 0 1 1 0 1 0 0 0 1 0 1 1 1 0 0 0 0 0 1 1 1 0 0 1 1 1 0 0 1 0 0 0 1 1 1 1 1 1 1 
1 0 1 1 0 0 1 1 0 1 0 1 1 1 0 1 1 1 0 1 1 1 1 1 0 1 0 1 1 1 1 1 1 1 1 1 0 1 1 1 0 0 0 1 1 0 1 1 0 1 
1 1 1 1 0 1 1 1 0 1 0 0 0 1 0 0 1 1 0 0 0 1 1 1 0 1 1 1 0 1 0 0 0 1 0 1 1 0 0 1 0 1 1 1 1 0 1 0 0 1 
0 1 1 1 1 1 0 0 1 0 1 1 1 0 1 0 1 1 0 0 1 0 0 0 1 0 0 1 1 1 1 1 1 0 0 0 0 1 0 1 1 0 0 1 0 1 1 0 1 1 
1 1 1 1 1 1 1 1 1 1 0 0 0 0 0 1 1 0 0 1 1 0 1 1 0 1 0 0 1 0 1 0 0 1 1 0 1 1 1 1 1 0 0 0 0 1 0 1 1 0 
0 0 1 1 1 1 0 1 0 1 0 1 0 0 0 0 0 0 1 0 0 0 0 1 0 0 1 1 0 0 1 1 0 0 0 1 1 0 0 0 0 1 1 1 1 1 1 1 0 1 
0 0 0 1 1 1 0 1 0 1 1 0 0 0 1 1 1 1 0 0 1 0 1 1 1 0 1 1 0 1 0 1 0 1 1 1 1 1 1 1 1 1 1 0 0 1 0 0 1 1 
1 0 0 1 0 1 1 0 1 1 0 0 1 1 1 1 1 0 0 0 0 0 1 0 1 1 0 0 1 0 1 1 0 1 0 1 0 1 0 0 1 1 1 1 1 0 1 1 1 0 
1 1 1 1 1 0 0 1 0 1 1 0 1 1 1 1 0 0 0 0 1 1 1 1 1 0 0 1 0 1 1 0 0 1 0 0 1 0 0 0 1 1 1 0 1 0 1 1 0 1 
1 0 0 1 1 1 0 1 1 1 1 0 0 1 0 1 0 0 1 1 1 1 1 0 1 1 1 0 1 1 1 1 1 1 0 1 0 1 1 0 0 1 1 1 1 0 1 1 0 0 
0 0 1 0 1 1 1 1 1 1 1 1 1 0 0 1 0 1 0 1 0 1 1 0 1 0 1 1 1 0 1 1 1 1 0 1 1 1 1 0 0 0 0 1 1 0 1 0 0 1 
0 0 0 0 0 0 1 1 1 1 0 1 1 1 1 1 0 0 0 1 1 0 1 0 1 0 0 0 0 0 1 1 1 1 1 1 1 1 1 1 1 0 0 1 0 1 1 0 1 1 
1 0 1 1 0 1 1 0 1 1 0 1 1 1 0 1 1 1 0 1 1 0 1 1 0 1 0 1 1 1 1 1 1 1 1 1 1 1 0 1 1 0 1 1 1 1 1 0 1 1 
0 1 0 0 0 1 0 0 1 1 0 1 1 0 1 1 1 0 0 1 0 1 1 0 0 1 0 1 0 0 0 0 1 1 1 0 0 1 0 1 1 1 1 1 0 1 1 0 1 0 
1 1 1 0 0 1 1 1 1 1 0 1 0 1 0 0 1 1 0 0 0 1 1 1 0 0 1 1 1 0 1 1 1 1 0 1 0 1 1 1 1 1 1 1 1 1 1 0 1 1 
0 1 1 0 0 0 0 0 1 1 0 0 0 1 1 0 0 1 0 0 0 1 0 1 0 1 1 1 0 1 0 1 1 1 0 0 1 0 0 0 0 1 1 1 1 0 1 1 0 0 
0 1 0 1 1 1 1 1 1 0 1 0 0 1 1 1 1 0 1 1 0 0 1 0 1 1 0 1 1 0 1 1 1 1 1 1 0 1 1 0 0 1 1 1 1 1 0 1 0 1 
1 1 0 1 1 1 0 1 1 1 1 0 0 1 1 1 1 0 1 0 1 0 1 0 0 1 0 1 0 0 1 1 1 0 0 1 0 1 1 0 0 0 0 1 1 1 1 0 1 0 
1 1 0 1 0 0 0 1 1 0 1 1 0 0 1 1 1 1 1 0 1 1 1 1 1 1 0 1 0 0 0 0 1 1 1 1 0 0 0 1 1 0 1 1 1 0 1 1 0 0 
0 0 1 0 1 1 0 1 1 0 0 1 1 1 1 0 1 0 1 1 1 0 0 0 1 1 0 1 1 1 0 0 1 1 1 1 0 0 0 1 1 1 1 1 1 1 0 0 1 0 
0 0 1 0 1 0 1 1 1 0 0 0 1 1 0 0 0 1 0 1 0 0 0 1 0 0 1 1 1 1 1 0 0 0 1 1 1 1 0 0 1 1 0 0 1 0 0 1 1 1 
0 1 0 1 1 1 0 0 0 0 0 1 0 1 0 0 1 0 1 1 1 0 0 1 0 0 1 1 1 1 1 0 0 1 1 1 1 1 0 1 1 0 1 0 1 1 0 1 0 1 
1 1 1 0 1 1 1 1 1 1 1 0 0 0 0 1 1 1 0 0 1 1 1 1 1 0 1 0 1 0 1 1 1 1 1 1 1 1 1 1 1 0 0 1 1 1 1 0 1 0 
1 1 0 1 1 1 1 1 1 0 0 1 1 1 0 0 1 1 1 1 1 1 1 1 0 0 1 0 1 1 1 1 0 1 0 1 1 1 1 1 1 1 1 1 1 1 1 1 1 1 
0 1 0 1 1 1 0 1 1 0 1 1 1 0 0 1 0 0 1 0 1 1 0 0 1 1 1 1 0 0 0 0 1 1 1 1 0 1 1 0 1 0 1 1 1 1 1 0 1 0 
1 1 0 1 1 1 1 0 1 0 0 1 1 0 0 0 0 0 1 1 0 1 1 1 1 0 1 0 1 1 1 1 1 1 1 1 1 0 1 1 0 0 0 1 1 1 1 1 0 0 
0 1 1 1 1 1 1 1 0 0 0 0 0 1 0 1 0 1 1 0 1 1 1 0 0 1 1 0 1 1 1 0 0 0 0 0 1 1 0 1 0 1 1 0 1 0 1 1 1 1 
1 1 0 1 1 1 1 1 1 1 1 0 1 0 1 1 0 1 1 0 1 1 0 0 1 1 0 1 1 0 0 0 1 1 1 1 0 0 1 0 1 1 0 1 1 1 0 1 1 0 
0 1 1 0 1 1 0 1 1 0 1 1 1 0 0 1 0 1 0 1 1 1 1 1 1 0 1 1 0 1 0 1 1 1 0 1 0 1 0 0 0 1 1 0 1 0 0 1 0 1 
50
1 1 1 1 1 1 0 1 1 0 1 1 1 0 0 1 1 1 0 0 1 1 1 1 1 1 1 1 0 0 0 1 1 0 1 1 0 1 1 1 0 0 1 1 1 1 1 1 0 1 
1 1 1 1 0 1 0 1 0 0 1 0 1 1 0 0 1 0 1 0 1 1 1 0 1 1 1 0 0 1 1 0 1 1 0 1 1 0 1 1 1 1 1 1 1 1 1 0 0 1 
1 1 1 1 1 1 1 1 1 1 1 0 1 1 1 0 0 1 1 0 1 0 0 1 1 0 1 1 1 1 0 1 1 1 1 1 1 0 0 0 1 1 1 1 1 1 1 1 1 1 
1 1 1 1 1 1 1 1 1 0 1 1 0 1 1 1 1 0 1 1 0 1 0 0 0 1 1 1 1 1 0 1 1 0 1 1 0 1 1 1 0 1 1 1 1 1 1 1 1 1 
1 0 1 1 1 1 1 1 1 1 1 1 0 0 1 1 1 1 0 0 1 1 1 1 0 1 1 0 1 1 0 1 1 1 1 1 1 1 0 1 0 1 0 0 0 0 1 1 0 1 
1 1 1 1 1 1 1 1 0 0 1 0 1 0 1 1 1 1 0 1 1 0 1 0 1 1 0 1 1 1 1 0 1 1 1 1 1 0 0 0 1 1 1 0 1 1 1 0 1 1 
0 0 1 1 1 1 1 1 1 0 0 0 0 1 1 0 1 0 1 1 1 1 1 1 1 1 1 1 1 1 1 1 1 1 1 0 0 1 1 0 1 1 1 1 1 1 1 1 0 1 
1 1 1 1 1 1 1 1 0 1 0 0 0 0 1 0 1 0 0 1 1 0 1 1 1 0 1 0 0 1 1 1 0 1 0 1 1 1 1 1 1 1 1 0 1 1 1 0 1 0 
1 0 1 1 1 0 1 0 1 1 0 0 1 0 1 1 1 1 0 1 0 0 1 1 1 1 1 1 1 0 1 1 0 1 0 0 0 1 0 1 1 0 0 0 1 1 0 1 1 1 
0 0 1 0 1 0 0 1 1 1 1 1 1 1 0 0 1 1 1 1 0 1 1 1 1 1 0 1 1 1 1 0 0 1 1 0 1 0 0 1 1 0 1 1 0 0 1 1 1 1 
1 1 1 1 1 1 0 0 0 1 1 1 1 1 1 1 1 0 1 1 0 0 1 1 1 1 1 1 0 0 0 0 1 1 1 0 0 1 0 0 0 1 1 1 1 1 1 1 0 1 
1 0 0 1 1 0 0 0 0 1 1 1 1 1 1 0 1 1 0 0 0 1 1 1 0 1 0 1 1 0 1 1 0 0 1 1 1 1 0 1 0 0 1 1 1 1 1 1 1 0 
1 1 1 0 0 1 0 0 1 1 1 1 1 1 0 1 1 1 1 1 0 1 1 1 0 1 1 0 1 1 1 1 1 0 1 1 1 1 1 1 1 1 1 0 0 1 0 0 1 1 
0 1 1 1 0 0 1 0 0 1 1 1 1 1 0 1 0 1 1 1 1 1 0 1 1 1 1 1 1 1 1 0 1 1 0 0 0 1 0 1 1 1 0 1 1 0 1 1 1 1 
0 0 1 1 1 1 1 1 1 0 1 1 0 0 1 1 1 1 1 1 1 0 0 1 0 0 0 0 1 0 1 1 1 0 1 1 1 0 1 1 0 1 1 0 1 1 0 1 1 0 
1 0 0 1 1 1 0 0 1 0 1 0 1 1 1 1 1 1 1 1 1 1 1 1 1 1 0 1 1 1 1 1 1 0 1 1 1 1 1 1 1 1 1 1 1 1 1 1 1 1 
1 1 0 1 1 1 1 1 1 1 1 1 1 0 1 1 1 1 1 1 1 0 0 1 1 1 1 1 1 0 1 1 0 0 0 1 0 1 1 1 1 0 0 1 1 1 0 0 1 1 
1 0 1 0 1 1 0 0 1 1 0 1 1 1 1 1 1 1 1 0 1 1 1 0 0 1 0 1 0 1 1 0 1 1 0 1 1 1 1 1 1 1 1 1 0 1 1 1 0 1 
0 1 1 1 0 0 1 0 0 1 1 0 1 1 1 1 1 1 1 0 1 1 1 1 1 1 1 0 1 1 0 1 1 1 1 1 0 1 1 1 1 1 1 1 1 1 1 0 1 1 
0 0 0 1 0 1 1 1 1 1 1 0 1 1 1 1 1 0 0 1 0 1 0 1 1 1 1 1 1 1 1 1 1 1 1 0 1 1 1 0 1 1 1 0 1 1 1 0 0 1 
1 1 1 0 1 1 1 1 0 0 0 0 0 1 1 1 1 1 1 0 1 1 1 1 1 0 1 1 1 1 1 1 1 1 1 1 1 0 0 1 0 1 1 0 1 1 1 0 1 1 
1 1 0 1 1 0 1 0 0 1 0 1 1 1 0 1 0 1 1 1 1 1 0 1 0 1 1 1 1 1 0 1 0 0 0 1 1 0 1 0 1 0 1 1 1 0 1 1 1 0 
1 1 0 0 1 1 1 1 1 1 1 1 1 0 0 1 0 1 1 0 1 0 1 1 1 1 0 1 0 0 1 1 1 1 1 1 1 1 0 1 0 0 1 0 1 1 1 0 0 1 
1 0 1 0 1 0 1 1 1 1 1 1 1 1 1 1 1 0 1 1 1 1 1 1 1 1 1 1 0 0 1 0 0 1 1 1 1 1 1 0 0 1 1 1 1 0 1 1 1 1 
1 1 1 0 0 1 1 1 1 1 1 0 0 1 0 1 1 0 1 1 1 0 1 1 1 1 1 1 1 0 1 1 1 1 1 1 1 1 0 0 1 1 1 1 0 0 0 1 1 1 
1 1 0 1 1 1 1 0 1 1 1 1 1 1 0 1 1 1 1 1 0 1 1 1 1 1 0 0 1 1 0 0 1 1 1 1 0 1 1 1 0 0 0 0 1 1 1 1 1 0 
1 1 1 1 1 0 1 1 1 0 1 0 1 1 0 0 1 0 1 1 1 1 0 1 1 0 1 1 0 1 1 1 1 0 1 0 0 1 0 1 1 0 0 1 1 0 1 1 1 1 
1 0 1 1 0 1 1 0 1 1 1 1 0 1 0 1 1 1 0 1 1 1 1 1 1 0 1 1 1 1 1 0 0 0 1 1 1 1 0 1 0 1 1 1 1 1 1 0 1 0 
0 0 1 1 1 1 1 0 1 1 0 1 1 1 1 1 1 0 1 1 1 1 0 0 1 1 0 1 1 0 0 0 1 1 1 1 0 1 0 1 0 1 1 1 1 1 0 0 1 1 
0 1 1 1 1 1 1 1 0 1 0 0 1 1 0 1 0 1 1 1 1 1 0 0 0 1 1 1 0 1 1 0 0 0 0 1 1 1 1 1 0 0 1 0 1 1 1 1 1 1 
0 1 0 0 0 1 1 1 1 1 0 1 1 1 1 1 1 1 0 1 1 0 1 1 1 0 1 1 0 1 1 0 1 1 1 1 1 1 1 1 1 1 1 1 1 0 0 0 1 1 
1 0 1 1 1 0 1 1 1 0 0 1 1 0 1 1 1 0 1 1 1 1 1 0 1 0 1 0 0 0 0 1 0 1 0 1 1 1 1 0 1 1 1 1 1 1 0 1 0 0 
1 1 1 1 1 1 1 0 0 0 1 0 1 1 1 1 0 1 1 1 1 0 1 0 1 1 1 0 1 0 1 0 1 1 1 1 1 1 1 0 0 1 0 1 0 1 1 0 1 0 
0 1 1 0 1 1 1 1 1 1 1 0 0 1 0 0 0 1 1 1 1 0 1 1 1 1 0 0 1 0 1 1 1 1 0 0 0 0 0 0 1 1 1 1 1 1 1 0 1 0 
1 0 1 1 1 1 1 0 0 1 1 1 1 0 1 1 0 0 1 1 1 0 1 1 1 1 1 1 1 0 1 0 1 0 1 1 0 1 1 0 0 1 1 1 0 0 1 0 0 0 
1 1 1 1 1 1 0 1 0 0 0 1 1 0 1 1 1 1 1 0 1 1 1 1 1 1 0 1 1 1 1 1 1 0 1 1 1 0 1 0 1 1 1 1 0 0 0 1 1 1 
0 1 1 0 1 1 0 1 0 1 0 1 1 0 1 1 0 1 0 1 1 1 1 1 1 0 0 1 0 1 1 1 1 0 0 1 1 0 1 1 1 1 1 1 1 1 0 1 1 1 
1 0 0 1 1 0 1 1 1 0 1 1 1 1 0 1 1 1 1 1 0 0 1 1 1 1 1 1 1 1 1 1 1 0 1 0 0 1 0 1 1 1 0 1 1 1 1 0 1 1 
1 1 0 1 0 0 1 1 0 0 0 0 1 0 1 1 1 1 1 1 0 1 0 1 0 1 0 0 0 1 1 1 1 0 1 1 1 0 1 1 1 1 1 0 1 1 1 1 1 0 
1 1 0 1 1 0 0 1 1 1 0 1 1 1 1 1 1 1 1 0 1 0 1 0 0 1 1 1 1 1 1 0 0 0 0 0 1 1 1 1 1 1 1 1 1 1 1 0 1 0 
0 1 1 0 0 1 1 1 1 1 0 0 1 1 0 1 1 1 1 1 0 1 0 0 1 0 1 0 0 0 1 1 0 1 0 1 1 1 1 1 1 1 1 1 1 1 1 0 1 1 
0 1 1 1 1 1 1 1 0 0 1 0 1 1 1 1 0 1 1 1 1 0 0 1 1 0 0 1 1 0 1 1 1 1 1 1 1 1 1 1 1 1 1 1 0 1 1 1 0 1 
1 1 1 1 0 1 1 1 0 1 1 1 1 0 1 1 0 1 1 1 1 1 1 1 1 0 0 1 1 1 1 1 0 1 1 1 1 0 1 1 1 1 1 1 1 1 1 0 1 1 
1 1 1 1 0 0 1 0 0 1 1 1 0 1 0 1 1 1 1 0 0 1 0 1 1 0 1 1 1 0 1 1 1 1 1 1 1 1 0 1 1 1 1 1 1 1 1 1 1 1 
1 1 1 1 0 1 1 1 1 0 1 1 0 1 1 1 1 0 1 1 1 1 1 1 0 1 1 1 1 1 1 1 0 1 0 0 1 1 1 1 1 0 1 1 1 0 1 0 0 1 
1 1 1 1 0 1 1 1 1 0 1 1 1 0 1 1 1 1 1 1 1 0 1 0 0 1 0 1 1 1 0 1 1 1 0 0 1 1 1 1 1 1 1 1 0 1 1 0 1 1 
1 1 1 1 1 1 1 1 0 1 1 1 0 1 0 1 0 1 1 1 1 1 1 1 0 1 1 1 0 1 0 0 1 1 1 0 0 1 1 1 1 1 1 1 1 1 1 0 0 1 
1 0 1 1 1 0 1 0 1 1 1 1 0 1 1 1 0 1 0 0 0 1 0 1 1 1 1 0 0 1 0 1 0 0 0 1 1 0 1 0 0 1 0 1 0 0 0 1 1 1 
0 0 1 1 0 1 0 1 1 1 0 1 1 1 1 1 1 0 1 0 1 1 0 1 1 1 1 1 1 1 1 0 1 1 0 1 1 1 1 1 1 0 1 1 0 1 0 1 1 0 
1 1 1 1 1 1 1 0 1 1 1 0 1 1 0 1 1 1 1 1 1 0 1 1 1 0 1 0 1 1 1 0 0 0 0 1 1 1 0 0 1 1 1 1 1 1 1 1 0 1 
0
